411 1563
0 1
0 2
0 3
0 5
0 6
0 7
0 285
1 0
1 2
1 3
1 4
1 5
1 6
1 7
1 8
1 13
1 16
1 27
1 34
1 76
1 178
1 235
1 236
1 242
1 263
1 279
1 284
1 285
1 286
2 0
2 1
2 4
2 6
2 7
2 8
2 10
2 13
2 15
2 18
2 24
2 25
2 26
2 27
2 32
2 34
2 42
2 43
2 56
2 59
2 65
2 66
2 67
2 74
2 75
2 90
2 91
2 95
2 123
2 124
2 125
2 171
2 172
2 173
2 176
2 178
2 179
2 186
2 187
2 188
2 191
2 192
2 196
2 203
2 204
2 205
2 209
2 218
2 220
2 236
2 237
2 241
2 256
2 272
2 278
2 280
2 305
2 329
2 341
2 345
2 352
3 0
3 5
3 7
4 2
4 5
4 10
4 76
4 235
4 333
5 0
5 3
5 4
5 6
5 10
6 0
6 1
6 2
6 5
6 7
6 8
6 9
6 10
6 11
6 12
6 13
6 14
6 15
6 126
6 132
7 0
7 1
7 2
7 6
7 24
7 27
7 28
7 34
7 124
7 125
7 178
7 236
7 242
7 263
7 284
7 346
8 1
8 2
8 6
8 10
8 13
8 14
8 16
8 286
9 6
10 2
10 5
10 6
10 8
10 13
10 15
10 16
10 152
11 6
11 12
12 2
12 6
12 11
12 15
12 132
13 1
13 2
13 6
13 8
13 10
13 14
13 15
13 152
13 285
13 286
14 6
14 8
14 13
14 15
15 2
15 6
15 10
15 12
15 13
15 14
16 1
16 8
16 10
17 18
17 19
18 2
18 17
18 19
18 20
18 21
18 24
18 56
18 57
18 211
18 221
18 296
18 317
18 347
18 360
18 361
19 17
19 18
20 18
21 18
22 2
22 23
22 26
22 44
22 45
22 347
22 348
22 362
22 366
22 370
22 381
22 390
22 399
22 406
23 22
23 24
23 360
24 2
24 7
24 18
24 20
24 23
24 25
24 26
24 28
24 29
24 30
24 31
24 34
24 35
24 36
24 37
24 38
24 39
24 41
24 43
24 46
24 56
24 57
24 58
24 91
24 92
24 93
24 173
24 187
24 211
24 212
24 213
24 218
24 221
24 223
24 252
24 260
24 261
24 266
24 287
24 289
24 304
25 2
25 24
25 26
25 93
25 186
25 187
25 218
25 220
25 352
26 2
26 18
26 22
26 24
26 25
26 59
26 60
26 218
26 318
27 1
27 2
27 7
27 178
28 7
28 24
29 24
29 30
29 31
29 166
29 168
29 212
30 24
30 29
30 31
30 177
31 24
31 29
31 30
31 169
32 2
32 33
32 34
32 75
32 76
32 173
32 196
32 197
32 241
32 268
32 355
33 32
34 2
34 7
34 24
34 32
34 42
34 66
34 74
34 75
34 76
34 172
34 173
34 178
34 179
34 196
34 237
35 2
35 24
35 36
35 37
35 38
35 40
35 41
35 43
35 53
36 24
36 35
36 37
36 39
36 45
36 46
36 56
36 109
36 184
36 185
36 211
36 221
36 222
36 223
36 260
36 281
37 24
37 35
37 36
37 38
37 39
37 40
37 43
37 46
37 55
37 56
37 91
37 184
37 190
37 227
37 228
37 250
37 251
37 265
37 301
38 24
38 35
38 37
38 40
38 41
38 43
38 54
39 24
39 36
39 37
39 56
39 184
39 211
39 221
39 248
40 35
40 37
40 38
40 41
40 43
40 54
40 55
40 108
40 189
40 190
40 228
41 24
41 35
41 38
41 40
42 2
42 34
42 43
42 47
42 48
42 52
42 66
42 67
42 72
42 73
42 74
42 90
42 92
42 106
42 123
42 161
42 173
42 202
42 233
42 239
42 240
42 249
42 274
42 350
43 2
43 35
43 37
43 38
43 40
43 42
43 65
43 90
43 107
43 108
43 170
43 171
43 190
43 214
43 231
43 249
43 258
43 410
44 22
44 45
45 22
45 36
45 44
45 46
45 109
45 219
46 24
46 36
46 37
46 45
46 56
46 109
46 185
46 226
46 252
47 42
47 48
47 233
47 276
48 42
48 47
48 49
48 52
48 72
48 106
48 232
48 233
48 243
49 48
49 50
50 49
50 51
50 243
51 50
51 52
52 42
52 48
52 51
52 68
52 72
52 162
53 35
54 38
54 40
55 37
55 40
55 108
56 2
56 18
56 24
56 36
56 37
56 39
56 46
56 211
56 221
56 321
57 18
57 24
57 58
57 168
57 289
57 297
57 298
57 303
57 317
57 318
57 347
57 360
57 361
58 24
58 57
58 59
58 289
58 305
58 307
58 329
59 2
59 26
59 58
59 180
60 26
60 61
60 62
61 60
61 62
62 60
62 61
62 63
63 62
63 64
63 146
64 63
64 146
64 366
64 367
65 2
65 43
65 66
65 90
65 123
65 171
65 172
65 173
65 191
66 2
66 34
66 42
66 65
66 67
66 73
66 123
66 172
66 173
66 191
66 192
66 208
66 239
66 271
66 272
66 276
67 2
67 42
67 66
67 123
67 171
67 275
68 52
68 69
68 70
68 72
68 77
68 78
68 79
68 147
69 68
69 70
70 68
70 69
70 71
70 77
71 70
71 153
72 52
72 68
73 42
73 66
73 74
73 123
73 198
73 199
73 229
73 239
73 277
74 2
74 34
74 42
74 73
74 75
74 205
74 208
74 239
74 334
74 336
75 2
75 32
75 34
75 74
75 172
75 176
75 192
75 193
75 203
75 208
75 244
75 344
75 355
76 1
76 4
76 32
76 34
76 178
76 238
76 241
76 332
76 341
76 346
76 358
77 68
77 70
77 78
77 110
77 137
78 68
78 77
78 79
79 68
79 78
79 80
79 105
80 79
80 81
81 80
81 82
82 81
82 83
83 82
83 84
84 83
84 85
85 84
85 86
86 85
86 87
87 86
87 88
88 87
88 89
89 88
90 2
90 42
90 43
90 65
90 91
90 161
90 170
90 171
91 2
91 24
91 37
91 90
91 92
91 172
91 173
91 191
91 210
91 265
91 289
91 331
91 359
92 24
92 42
92 91
92 290
92 302
93 24
93 25
93 94
93 245
94 93
94 95
94 215
94 216
94 245
94 266
95 2
95 94
95 96
95 125
95 186
95 188
95 215
95 216
95 217
95 255
95 256
95 257
96 95
96 97
96 255
96 369
97 96
97 368
98 99
99 98
99 100
100 99
100 101
101 100
101 102
102 101
102 103
102 104
103 104
103 129
103 130
104 102
104 105
104 129
105 79
105 104
106 42
106 48
106 107
106 276
106 351
107 43
107 106
107 214
108 40
108 43
108 55
109 36
109 45
109 46
109 252
109 253
110 77
110 111
110 162
111 110
111 112
112 111
112 113
113 112
113 114
114 113
114 115
115 114
115 116
116 115
116 117
117 116
117 118
118 117
118 119
119 118
119 120
120 119
120 121
121 120
121 122
122 121
123 2
123 42
123 65
123 66
123 67
123 73
123 173
123 239
123 271
124 2
124 7
124 125
124 186
124 188
124 280
124 282
125 2
125 7
125 95
125 124
125 126
125 160
125 186
126 6
126 125
126 127
126 160
127 126
127 128
128 127
128 369
129 103
129 104
130 103
130 131
130 163
131 130
131 165
132 6
132 12
132 133
133 132
133 134
134 133
134 135
135 134
135 136
136 135
137 77
137 138
138 137
138 139
139 138
139 140
140 139
140 141
141 140
141 142
142 141
142 143
143 142
143 144
144 143
144 145
145 144
146 63
146 64
147 68
147 148
148 147
148 149
149 148
149 150
150 149
150 151
151 150
152 10
152 13
153 71
153 154
154 153
154 155
155 154
155 156
156 155
156 157
157 156
157 158
158 157
158 159
159 158
160 125
160 126
161 42
161 90
162 52
162 110
163 130
163 164
164 163
164 165
165 131
165 164
166 29
167 168
168 29
168 57
168 167
169 31
170 43
170 90
170 171
170 309
170 310
171 2
171 43
171 65
171 67
171 90
171 170
171 278
172 2
172 34
172 65
172 66
172 75
172 91
172 173
172 192
172 241
173 2
173 24
173 32
173 34
173 42
173 65
173 66
173 91
173 123
173 172
173 209
174 175
174 193
174 195
174 206
174 207
174 234
174 247
174 357
175 174
175 176
175 234
175 246
175 247
175 273
176 2
176 75
176 175
176 204
176 205
176 273
177 30
178 1
178 2
178 7
178 27
178 34
178 76
178 179
178 242
178 332
178 342
179 2
179 178
179 242
179 332
180 59
180 181
181 180
181 182
182 181
182 183
183 182
184 36
184 37
184 39
184 221
184 223
184 248
184 262
185 36
185 46
185 262
185 281
185 340
186 2
186 25
186 95
186 124
186 125
186 188
186 257
186 280
187 2
187 24
187 25
187 218
188 2
188 95
188 124
188 186
188 256
189 40
190 37
190 40
190 43
191 2
191 65
191 66
191 91
192 2
192 66
192 75
192 172
192 203
192 208
192 241
193 75
193 174
193 194
193 207
193 244
194 193
194 195
195 174
195 194
195 207
195 234
195 357
196 2
196 32
196 34
196 241
196 267
197 32
198 73
198 199
199 73
199 198
199 229
199 239
200 201
201 200
201 202
202 42
202 201
203 2
203 75
203 192
204 2
204 176
205 2
205 74
205 174
205 176
205 206
206 174
206 205
206 247
207 174
207 193
207 195
208 66
208 74
208 75
208 192
208 334
209 2
209 173
209 210
210 91
210 209
211 18
211 24
211 36
211 39
211 56
211 319
211 321
212 24
212 29
212 213
213 24
213 212
214 43
214 107
214 259
214 270
215 94
215 95
216 94
216 95
216 217
217 95
217 216
218 2
218 22
218 24
218 25
218 26
218 187
218 291
218 311
218 312
219 45
219 252
219 253
219 254
220 2
220 25
221 18
221 24
221 36
221 39
221 56
221 184
221 287
221 315
221 316
221 321
222 36
223 24
223 36
223 184
223 321
224 225
225 224
225 226
226 46
226 225
227 37
227 250
228 37
228 40
229 73
229 199
230 231
231 43
231 230
232 48
232 233
233 42
233 47
233 48
233 232
233 276
234 174
234 175
234 195
235 1
235 4
236 1
236 2
236 7
237 2
237 34
238 76
238 332
239 42
239 66
239 73
239 74
239 123
239 199
239 240
240 42
240 239
241 2
241 32
241 76
241 192
241 196
241 242
241 341
241 342
241 345
241 358
242 1
242 7
242 178
242 179
242 241
242 333
242 343
243 48
243 50
244 75
244 193
245 93
245 94
246 175
247 174
247 175
247 206
248 39
248 184
249 42
249 43
250 37
250 227
251 37
252 24
252 46
252 109
252 219
253 109
253 219
254 219
255 95
255 96
256 2
256 95
256 188
257 95
257 186
258 43
258 259
259 214
259 258
260 24
260 36
261 24
261 262
262 184
262 185
262 261
263 1
263 7
263 264
264 263
265 37
265 91
266 24
266 94
267 196
268 32
268 269
269 268
270 214
271 66
271 123
272 2
272 66
273 175
273 176
274 42
275 2
276 47
276 66
276 106
276 233
277 73
278 2
278 171
279 1
280 2
280 124
280 186
281 36
281 185
282 124
282 283
283 282
284 1
284 7
285 0
285 1
285 13
286 1
286 8
286 13
287 24
287 221
287 288
287 316
288 287
288 289
289 24
289 57
289 58
289 288
289 290
289 291
289 295
289 296
289 297
289 302
289 304
289 312
289 313
289 314
289 331
290 92
290 289
291 218
291 289
291 304
291 313
292 293
292 308
293 292
293 294
293 308
294 293
294 295
295 289
295 294
295 297
296 18
296 289
297 57
297 289
297 295
298 57
299 300
299 321
300 299
300 301
300 321
301 37
301 300
302 92
302 289
303 24
303 57
304 24
304 289
304 291
305 2
305 58
305 306
305 318
306 305
306 307
306 324
306 325
306 327
306 329
307 58
307 306
307 324
307 325
307 328
307 329
307 330
308 292
308 293
309 170
310 170
311 218
312 218
312 289
313 289
313 291
313 314
314 289
314 313
315 221
316 221
316 287
316 321
317 18
317 57
318 26
318 57
318 305
318 329
319 211
319 320
320 319
321 56
321 211
321 221
321 223
321 299
321 300
321 316
322 323
323 322
323 324
323 325
323 326
324 306
324 323
324 326
325 306
325 323
325 326
325 327
325 329
326 323
326 324
326 325
326 329
327 306
327 325
328 307
328 329
329 2
329 58
329 306
329 307
329 318
329 325
329 326
329 328
330 307
330 325
330 328
330 329
331 91
331 289
331 359
332 76
332 178
332 238
332 345
333 4
333 242
334 74
334 208
334 335
334 336
335 334
336 74
336 334
337 338
338 337
338 339
339 338
339 340
340 185
340 339
341 34
341 76
341 241
342 178
342 241
342 343
342 356
343 242
343 342
343 356
344 75
344 345
345 2
345 241
345 332
345 344
346 7
346 76
346 354
347 18
347 22
347 57
347 361
348 22
348 349
349 348
350 42
351 106
351 276
352 2
352 25
353 354
354 346
354 353
355 32
355 75
356 342
356 343
357 174
357 195
358 76
358 241
359 91
359 331
360 18
360 23
360 57
360 361
361 18
361 57
361 347
361 360
362 22
362 363
363 362
363 364
364 363
364 365
365 364
366 22
366 64
367 64
367 368
368 97
368 367
369 96
369 128
370 22
370 371
371 370
371 372
372 371
372 373
373 372
373 374
374 373
374 375
375 374
375 376
376 375
376 377
377 376
377 378
378 377
378 379
379 378
379 380
380 379
381 22
381 382
382 381
382 383
383 382
383 384
384 383
384 385
385 384
385 386
386 385
386 387
387 386
387 388
388 387
388 389
389 388
390 22
390 391
391 390
391 392
392 391
392 393
393 392
393 394
394 393
394 395
395 394
395 396
396 395
396 397
397 396
397 398
398 397
399 22
399 400
400 399
400 401
401 400
401 402
402 401
402 403
403 402
403 404
404 403
404 405
405 404
406 22
406 407
407 406
407 408
408 407
408 409
409 408
410 43
