240 822
0 1
0 5
1 0
1 2
2 0
2 1
2 3
2 12
3 0
3 2
3 4
3 5
4 1
4 3
4 5
5 0
5 3
5 4
5 6
5 7
5 12
6 0
6 5
6 7
6 21
7 6
7 8
8 7
8 9
8 21
9 7
9 8
9 10
9 11
9 12
9 20
9 21
10 9
10 11
10 12
10 20
10 22
11 9
11 10
11 12
11 19
11 22
11 23
12 2
12 3
12 5
12 9
12 13
12 14
12 15
12 23
12 31
12 32
12 40
12 62
12 63
12 64
12 136
12 169
12 171
13 5
13 6
13 12
13 14
13 15
13 16
14 9
14 11
14 12
14 13
14 15
15 12
15 13
15 14
15 16
15 25
16 12
16 15
16 17
16 18
16 25
17 16
17 18
18 16
18 17
18 19
18 24
19 11
19 18
19 23
19 24
20 6
20 9
20 10
21 8
21 9
21 20
22 10
22 11
23 11
23 12
23 14
23 19
24 18
24 19
25 15
25 16
26 27
26 137
27 26
27 28
28 27
28 29
29 28
29 30
30 29
30 31
31 12
31 30
32 12
32 33
32 38
32 40
32 43
32 57
32 62
32 63
32 64
32 66
32 67
32 68
32 136
33 32
33 34
33 35
33 37
33 38
34 33
34 35
35 34
35 36
35 37
36 35
36 37
37 32
37 36
37 38
38 32
38 37
38 39
38 40
39 38
39 40
40 32
40 39
40 41
40 42
40 44
41 37
41 38
41 40
41 42
42 40
42 41
42 43
43 41
43 42
43 44
44 40
44 42
44 43
44 45
45 44
45 52
46 47
46 51
46 52
47 46
47 48
48 46
48 47
48 49
49 46
49 48
49 50
50 49
50 51
50 52
51 50
51 52
52 43
52 45
52 50
52 51
53 54
53 72
54 53
54 55
54 58
55 54
55 56
55 57
56 55
56 57
57 56
57 58
57 61
57 63
58 53
58 54
58 57
58 59
58 60
59 58
59 60
59 63
59 71
60 58
60 59
60 61
61 55
61 60
61 62
61 63
62 32
62 61
62 63
62 71
63 32
63 58
63 61
63 62
63 64
63 71
64 32
64 63
64 65
64 133
64 136
65 63
65 64
65 66
66 65
66 67
66 70
67 32
67 66
67 68
67 69
67 70
68 32
68 67
68 69
69 67
69 68
70 66
70 67
71 58
71 62
71 63
72 53
73 74
74 73
74 75
75 74
75 76
76 75
76 77
77 76
77 78
77 96
77 97
77 98
78 77
78 79
78 82
79 78
79 80
80 79
80 81
80 86
81 80
81 82
81 86
81 96
81 97
81 98
82 81
82 83
82 86
83 82
83 84
84 83
84 85
85 84
85 86
86 77
86 81
86 85
86 87
86 96
86 97
86 98
86 104
86 113
87 86
87 88
87 91
87 96
88 87
88 89
89 88
89 90
90 86
90 89
90 91
90 94
91 90
91 92
92 91
92 93
93 92
93 94
94 93
94 95
94 96
95 94
95 96
96 86
96 90
96 95
96 97
96 114
97 86
97 87
97 96
97 98
97 99
97 104
97 114
98 77
98 81
98 86
98 96
98 97
98 99
98 104
99 98
99 100
99 101
99 102
99 104
100 99
100 101
100 102
101 99
101 100
101 102
102 99
102 100
102 101
102 103
102 104
103 102
103 104
104 86
104 98
104 99
104 102
104 103
104 105
105 99
105 104
105 106
106 98
106 105
107 108
108 107
108 109
109 108
109 110
110 109
110 111
111 110
111 112
112 111
112 113
113 86
113 112
114 96
114 97
114 115
115 114
115 116
116 115
116 117
117 116
117 118
118 117
118 119
119 118
119 120
120 119
120 121
121 120
122 123
123 122
123 124
124 123
124 125
125 12
125 124
125 126
126 125
126 127
127 126
127 128
128 127
128 129
129 128
129 130
130 129
130 131
131 130
131 132
132 131
132 133
133 64
133 132
133 134
134 133
134 135
135 134
135 136
136 32
136 64
136 135
137 26
137 138
138 26
138 137
138 139
139 138
139 140
140 139
140 141
141 140
141 142
142 141
142 143
143 142
143 144
143 145
143 147
144 143
144 145
145 142
145 143
145 144
145 146
145 147
145 148
145 159
145 160
145 161
146 140
146 145
146 147
146 159
146 161
147 143
147 145
147 146
147 159
147 161
148 145
148 149
149 148
149 150
150 149
150 151
151 150
151 152
152 151
152 153
153 152
153 154
154 153
154 155
155 154
155 156
156 155
156 157
157 156
157 158
158 147
158 157
158 159
159 146
159 147
159 158
159 161
160 145
160 146
160 161
161 146
161 147
161 159
161 160
162 163
162 173
163 162
163 164
164 163
164 165
165 164
165 166
166 165
166 167
167 166
167 168
168 167
168 169
169 168
169 170
170 169
170 171
171 12
171 170
172 173
173 162
173 172
174 175
174 196
174 197
174 198
175 174
175 176
175 195
175 196
175 197
176 175
176 177
176 195
176 196
177 176
177 178
177 191
177 193
177 194
177 195
178 177
178 179
178 190
178 191
178 192
178 193
179 178
179 180
179 182
179 187
179 188
179 189
179 190
180 178
180 179
180 181
180 182
180 188
180 189
180 191
181 180
181 182
181 183
181 188
181 189
181 192
182 179
182 180
182 181
182 183
182 184
182 185
182 186
183 182
183 184
183 185
184 181
184 182
184 183
184 185
184 186
185 179
185 180
185 182
185 183
185 184
185 186
185 187
186 182
186 183
186 184
186 185
186 187
186 201
186 205
186 207
186 209
186 210
186 213
187 179
187 180
187 182
187 184
187 185
187 186
187 201
187 207
187 211
187 227
187 230
187 232
187 238
187 239
188 179
188 180
188 181
188 189
189 179
189 188
189 190
190 178
190 179
190 182
190 189
190 191
191 177
191 178
191 179
191 192
191 193
192 178
192 191
192 193
193 177
193 178
193 180
193 191
193 192
194 176
194 177
194 193
194 195
195 175
195 176
195 177
195 194
196 174
196 175
196 176
196 195
196 197
197 174
197 175
197 196
198 174
198 199
199 198
199 200
200 199
201 186
201 202
202 186
202 201
202 203
202 204
202 205
202 220
203 202
203 204
203 220
204 186
204 203
204 205
205 186
205 202
205 203
205 204
205 206
205 207
206 205
206 207
207 186
207 204
207 205
207 206
207 208
207 212
207 213
208 186
208 207
208 209
209 186
209 204
209 207
209 208
209 210
209 211
210 186
210 207
210 208
210 209
210 211
210 213
211 207
211 210
211 212
211 213
212 208
212 210
212 211
212 213
212 217
213 207
213 209
213 211
213 212
213 214
213 215
213 217
214 213
214 215
215 214
215 216
216 212
216 213
216 215
216 217
216 221
217 213
217 215
217 216
217 218
218 217
218 219
219 218
220 202
220 203
221 216
222 223
223 222
223 224
224 222
224 223
224 225
224 227
225 223
225 224
225 226
225 227
226 224
226 225
226 227
226 228
227 225
227 226
227 228
227 229
228 225
228 226
228 227
228 229
228 230
229 227
229 228
229 230
229 232
229 237
230 228
230 229
230 231
230 232
231 229
231 230
231 232
231 237
232 187
232 229
232 230
232 231
232 233
232 234
232 237
232 238
233 232
233 234
233 236
234 233
234 235
234 236
235 234
235 236
235 237
236 234
236 235
236 237
237 187
237 232
237 235
237 236
237 238
238 187
238 232
238 237
238 239
239 187
239 238
