411 1563 
0 1 42
0 2 68
0 3 35
0 5 1
0 6 70
0 7 25
0 285 79
1 0 59
1 2 63
1 3 65
1 4 6
1 5 46
1 6 82
1 7 28
1 8 62
1 13 92
1 16 96
1 27 43
1 34 28
1 76 37
1 178 92
1 235 5
1 236 3
1 242 54
1 263 93
1 279 83
1 284 22
1 285 17
1 286 19
2 0 96
2 1 48
2 4 27
2 6 72
2 7 39
2 8 70
2 10 13
2 13 68
2 15 100
2 18 36
2 24 95
2 25 4
2 26 12
2 27 23
2 32 34
2 34 74
2 42 65
2 43 42
2 56 12
2 59 54
2 65 69
2 66 48
2 67 45
2 74 63
2 75 58
2 90 38
2 91 60
2 95 24
2 123 42
2 124 30
2 125 79
2 171 17
2 172 36
2 173 91
2 176 43
2 178 89
2 179 7
2 186 41
2 187 43
2 188 65
2 191 49
2 192 47
2 196 6
2 203 91
2 204 30
2 205 71
2 209 51
2 218 7
2 220 2
2 236 94
2 237 49
2 241 30
2 256 24
2 272 85
2 278 55
2 280 57
2 305 41
2 329 67
2 341 77
2 345 32
2 352 9
3 0 45
3 5 40
3 7 27
4 2 24
4 5 38
4 10 39
4 76 19
4 235 83
4 333 30
5 0 42
5 3 34
5 4 16
5 6 40
5 10 59
6 0 5
6 1 31
6 2 78
6 5 7
6 7 74
6 8 87
6 9 22
6 10 46
6 11 25
6 12 73
6 13 71
6 14 30
6 15 78
6 126 74
6 132 98
7 0 13
7 1 87
7 2 91
7 6 62
7 24 37
7 27 56
7 28 68
7 34 56
7 124 75
7 125 32
7 178 53
7 236 51
7 242 51
7 263 42
7 284 25
7 346 67
8 1 31
8 2 8
8 6 92
8 10 8
8 13 38
8 14 58
8 16 88
8 286 54
9 6 84
10 2 46
10 5 10
10 6 10
10 8 59
10 13 22
10 15 89
10 16 23
10 152 47
11 6 7
11 12 31
12 2 14
12 6 69
12 11 1
12 15 92
12 132 63
13 1 56
13 2 11
13 6 60
13 8 25
13 10 38
13 14 49
13 15 84
13 152 96
13 285 42
13 286 3
14 6 51
14 8 92
14 13 37
14 15 75
15 2 21
15 6 97
15 10 22
15 12 49
15 13 100
15 14 69
16 1 85
16 8 82
16 10 35
17 18 54
17 19 100
18 2 19
18 17 39
18 19 1
18 20 89
18 21 28
18 24 68
18 56 29
18 57 94
18 211 49
18 221 84
18 296 8
18 317 22
18 347 11
18 360 18
18 361 14
19 17 15
19 18 10
20 18 17
21 18 36
22 2 52
22 23 1
22 26 50
22 44 20
22 45 57
22 347 99
22 348 4
22 362 25
22 366 9
22 370 45
22 381 10
22 390 90
22 399 3
22 406 96
23 22 86
23 24 94
23 360 44
24 2 24
24 7 88
24 18 15
24 20 4
24 23 49
24 25 1
24 26 59
24 28 19
24 29 81
24 30 97
24 31 99
24 34 82
24 35 90
24 36 99
24 37 10
24 38 58
24 39 73
24 41 23
24 43 39
24 46 93
24 56 39
24 57 80
24 58 91
24 91 58
24 92 59
24 93 92
24 173 16
24 187 89
24 211 57
24 212 12
24 213 3
24 218 35
24 221 73
24 223 56
24 252 29
24 260 47
24 261 63
24 266 87
24 287 76
24 289 34
24 304 70
25 2 43
25 24 45
25 26 17
25 93 82
25 186 99
25 187 23
25 218 52
25 220 22
25 352 100
26 2 58
26 18 77
26 22 93
26 24 90
26 25 76
26 59 13
26 60 1
26 218 11
26 318 4
27 1 70
27 2 62
27 7 89
27 178 2
28 7 90
28 24 56
29 24 24
29 30 3
29 31 86
29 166 83
29 168 86
29 212 89
30 24 27
30 29 18
30 31 58
30 177 33
31 24 33
31 29 70
31 30 55
31 169 22
32 2 90
32 33 77
32 34 30
32 75 69
32 76 93
32 173 26
32 196 56
32 197 35
32 241 50
32 268 42
32 355 13
33 32 46
34 2 61
34 7 19
34 24 54
34 32 40
34 42 24
34 66 80
34 74 97
34 75 88
34 76 30
34 172 50
34 173 38
34 178 67
34 179 50
34 196 94
34 237 96
35 2 98
35 24 17
35 36 87
35 37 6
35 38 89
35 40 83
35 41 56
35 43 35
35 53 15
36 24 2
36 35 17
36 37 72
36 39 87
36 45 64
36 46 14
36 56 56
36 109 86
36 184 54
36 185 13
36 211 9
36 221 33
36 222 46
36 223 14
36 260 57
36 281 22
37 24 59
37 35 47
37 36 83
37 38 82
37 39 45
37 40 97
37 43 23
37 46 30
37 55 62
37 56 36
37 91 51
37 184 74
37 190 67
37 227 45
37 228 60
37 250 93
37 251 40
37 265 54
37 301 25
38 24 55
38 35 11
38 37 46
38 40 50
38 41 87
38 43 14
38 54 75
39 24 23
39 36 69
39 37 19
39 56 88
39 184 6
39 211 59
39 221 92
39 248 3
40 35 26
40 37 78
40 38 15
40 41 15
40 43 25
40 54 35
40 55 75
40 108 73
40 189 60
40 190 34
40 228 71
41 24 88
41 35 98
41 38 19
41 40 78
42 2 74
42 34 71
42 43 64
42 47 69
42 48 93
42 52 86
42 66 3
42 67 81
42 72 14
42 73 28
42 74 3
42 90 100
42 92 28
42 106 26
42 123 44
42 161 25
42 173 24
42 202 73
42 233 62
42 239 82
42 240 4
42 249 33
42 274 6
42 350 94
43 2 26
43 35 32
43 37 93
43 38 43
43 40 23
43 42 87
43 65 65
43 90 1
43 107 88
43 108 61
43 170 14
43 171 75
43 190 71
43 214 71
43 231 36
43 249 34
43 258 12
43 410 61
44 22 97
44 45 68
45 22 86
45 36 51
45 44 41
45 46 95
45 109 96
45 219 25
46 24 20
46 36 26
46 37 77
46 45 95
46 56 59
46 109 3
46 185 72
46 226 67
46 252 79
47 42 94
47 48 52
47 233 85
47 276 19
48 42 65
48 47 20
48 49 53
48 52 1
48 72 88
48 106 61
48 232 27
48 233 11
48 243 58
49 48 71
49 50 16
50 49 77
50 51 28
50 243 44
51 50 59
51 52 65
52 42 10
52 48 83
52 51 87
52 68 66
52 72 88
52 162 78
53 35 75
54 38 26
54 40 28
55 37 30
55 40 29
55 108 24
56 2 21
56 18 3
56 24 63
56 36 24
56 37 97
56 39 38
56 46 62
56 211 96
56 221 26
56 321 65
57 18 61
57 24 3
57 58 17
57 168 31
57 289 27
57 297 12
57 298 72
57 303 12
57 317 48
57 318 54
57 347 21
57 360 91
57 361 25
58 24 89
58 57 64
58 59 41
58 289 52
58 305 63
58 307 30
58 329 1
59 2 14
59 26 59
59 58 79
59 180 66
60 26 8
60 61 78
60 62 1
61 60 59
61 62 40
62 60 4
62 61 61
62 63 58
63 62 25
63 64 78
63 146 9
64 63 14
64 146 88
64 366 2
64 367 51
65 2 61
65 43 29
65 66 94
65 90 85
65 123 6
65 171 41
65 172 12
65 173 5
65 191 36
66 2 57
66 34 73
66 42 51
66 65 24
66 67 86
66 73 57
66 123 17
66 172 27
66 173 58
66 191 27
66 192 58
66 208 38
66 239 72
66 271 70
66 272 62
66 276 97
67 2 23
67 42 18
67 66 13
67 123 18
67 171 97
67 275 86
68 52 42
68 69 24
68 70 30
68 72 30
68 77 66
68 78 60
68 79 33
68 147 97
69 68 56
69 70 54
70 68 63
70 69 85
70 71 35
70 77 55
71 70 73
71 153 58
72 52 70
72 68 33
73 42 64
73 66 8
73 74 84
73 123 12
73 198 36
73 199 68
73 229 49
73 239 76
73 277 39
74 2 24
74 34 43
74 42 55
74 73 12
74 75 42
74 205 76
74 208 60
74 239 26
74 334 22
74 336 71
75 2 27
75 32 35
75 34 6
75 74 84
75 172 51
75 176 99
75 192 80
75 193 2
75 203 94
75 208 35
75 244 38
75 344 35
75 355 57
76 1 94
76 4 77
76 32 6
76 34 63
76 178 49
76 238 82
76 241 1
76 332 14
76 341 42
76 346 56
76 358 56
77 68 43
77 70 63
77 78 12
77 110 78
77 137 25
78 68 79
78 77 53
78 79 44
79 68 97
79 78 74
79 80 41
79 105 14
80 79 76
80 81 73
81 80 19
81 82 11
82 81 18
82 83 33
83 82 13
83 84 96
84 83 70
84 85 32
85 84 41
85 86 89
86 85 86
86 87 91
87 86 98
87 88 90
88 87 91
88 89 46
89 88 54
90 2 15
90 42 52
90 43 41
90 65 45
90 91 59
90 161 36
90 170 60
90 171 93
91 2 6
91 24 65
91 37 82
91 90 4
91 92 30
91 172 76
91 173 9
91 191 93
91 210 98
91 265 50
91 289 57
91 331 62
91 359 28
92 24 68
92 42 42
92 91 30
92 290 41
92 302 14
93 24 75
93 25 2
93 94 78
93 245 16
94 93 84
94 95 14
94 215 93
94 216 25
94 245 2
94 266 93
95 2 60
95 94 71
95 96 29
95 125 28
95 186 85
95 188 76
95 215 87
95 216 99
95 217 71
95 255 88
95 256 48
95 257 5
96 95 4
96 97 22
96 255 64
96 369 7
97 96 64
97 368 11
98 99 72
99 98 90
99 100 41
100 99 65
100 101 43
101 100 20
101 102 14
102 101 92
102 103 5
102 104 19
103 104 33
103 129 51
103 130 6
104 102 76
104 105 40
104 129 4
105 79 23
105 104 99
106 42 48
106 48 85
106 107 49
106 276 72
106 351 65
107 43 14
107 106 76
107 214 46
108 40 13
108 43 47
108 55 79
109 36 70
109 45 63
109 46 20
109 252 86
109 253 90
110 77 45
110 111 66
110 162 41
111 110 46
111 112 9
112 111 19
112 113 71
113 112 2
113 114 24
114 113 33
114 115 73
115 114 53
115 116 88
116 115 71
116 117 64
117 116 2
117 118 4
118 117 24
118 119 28
119 118 1
119 120 70
120 119 16
120 121 66
121 120 29
121 122 44
122 121 48
123 2 89
123 42 44
123 65 38
123 66 10
123 67 64
123 73 50
123 173 82
123 239 89
123 271 43
124 2 9
124 7 61
124 125 22
124 186 59
124 188 55
124 280 89
124 282 47
125 2 91
125 7 50
125 95 44
125 124 31
125 126 21
125 160 49
125 186 68
126 6 37
126 125 84
126 127 36
126 160 27
127 126 86
127 128 39
128 127 54
128 369 30
129 103 25
129 104 49
130 103 24
130 131 60
130 163 58
131 130 67
131 165 45
132 6 56
132 12 19
132 133 27
133 132 12
133 134 26
134 133 56
134 135 2
135 134 50
135 136 97
136 135 85
137 77 16
137 138 65
138 137 43
138 139 76
139 138 14
139 140 43
140 139 97
140 141 49
141 140 73
141 142 27
142 141 7
142 143 74
143 142 30
143 144 5
144 143 6
144 145 27
145 144 13
146 63 76
146 64 94
147 68 66
147 148 37
148 147 37
148 149 42
149 148 15
149 150 95
150 149 57
150 151 53
151 150 37
152 10 39
152 13 83
153 71 56
153 154 16
154 153 32
154 155 31
155 154 42
155 156 26
156 155 12
156 157 38
157 156 87
157 158 91
158 157 51
158 159 63
159 158 35
160 125 94
160 126 54
161 42 17
161 90 53
162 52 9
162 110 63
163 130 34
163 164 55
164 163 4
164 165 35
165 131 4
165 164 57
166 29 49
167 168 25
168 29 18
168 57 14
168 167 10
169 31 29
170 43 1
170 90 81
170 171 19
170 309 59
170 310 51
171 2 56
171 43 62
171 65 65
171 67 4
171 90 77
171 170 44
171 278 10
172 2 3
172 34 62
172 65 90
172 66 49
172 75 83
172 91 54
172 173 75
172 192 21
172 241 3
173 2 24
173 24 32
173 32 70
173 34 79
173 42 60
173 65 9
173 66 20
173 91 72
173 123 4
173 172 46
173 209 82
174 175 5
174 193 93
174 195 86
174 206 14
174 207 99
174 234 90
174 247 23
174 357 39
175 174 38
175 176 11
175 234 62
175 246 35
175 247 9
175 273 62
176 2 60
176 75 94
176 175 16
176 204 70
176 205 38
176 273 70
177 30 59
178 1 1
178 2 72
178 7 65
178 27 18
178 34 16
178 76 56
178 179 16
178 242 31
178 332 40
178 342 13
179 2 89
179 178 83
179 242 55
179 332 86
180 59 11
180 181 85
181 180 75
181 182 81
182 181 16
182 183 52
183 182 42
184 36 16
184 37 80
184 39 11
184 221 99
184 223 74
184 248 89
184 262 78
185 36 33
185 46 57
185 262 90
185 281 14
185 340 9
186 2 42
186 25 91
186 95 24
186 124 64
186 125 29
186 188 85
186 257 79
186 280 1
187 2 72
187 24 86
187 25 75
187 218 72
188 2 34
188 95 68
188 124 54
188 186 96
188 256 69
189 40 26
190 37 77
190 40 30
190 43 51
191 2 99
191 65 10
191 66 94
191 91 87
192 2 81
192 66 17
192 75 50
192 172 68
192 203 29
192 208 80
192 241 65
193 75 22
193 174 6
193 194 27
193 207 17
193 244 17
194 193 27
194 195 67
195 174 88
195 194 82
195 207 65
195 234 41
195 357 87
196 2 22
196 32 63
196 34 22
196 241 65
196 267 10
197 32 16
198 73 3
198 199 74
199 73 25
199 198 42
199 229 46
199 239 63
200 201 24
201 200 32
201 202 7
202 42 69
202 201 19
203 2 3
203 75 8
203 192 8
204 2 82
204 176 13
205 2 37
205 74 31
205 174 15
205 176 10
205 206 85
206 174 57
206 205 91
206 247 94
207 174 97
207 193 53
207 195 55
208 66 46
208 74 9
208 75 49
208 192 92
208 334 13
209 2 32
209 173 15
209 210 40
210 91 59
210 209 23
211 18 5
211 24 96
211 36 53
211 39 70
211 56 80
211 319 39
211 321 24
212 24 19
212 29 67
212 213 60
213 24 99
213 212 87
214 43 97
214 107 63
214 259 34
214 270 59
215 94 23
215 95 47
216 94 93
216 95 38
216 217 26
217 95 48
217 216 59
218 2 3
218 22 8
218 24 99
218 25 31
218 26 93
218 187 1
218 291 79
218 311 100
218 312 53
219 45 49
219 252 83
219 253 41
219 254 16
220 2 76
220 25 63
221 18 68
221 24 37
221 36 98
221 39 19
221 56 98
221 184 29
221 287 52
221 315 17
221 316 31
221 321 50
222 36 26
223 24 59
223 36 30
223 184 21
223 321 41
224 225 61
225 224 48
225 226 63
226 46 56
226 225 76
227 37 93
227 250 62
228 37 55
228 40 99
229 73 47
229 199 15
230 231 47
231 43 89
231 230 70
232 48 39
232 233 64
233 42 76
233 47 16
233 48 22
233 232 76
233 276 16
234 174 29
234 175 35
234 195 71
235 1 6
235 4 65
236 1 58
236 2 63
236 7 62
237 2 25
237 34 50
238 76 70
238 332 31
239 42 24
239 66 51
239 73 34
239 74 26
239 123 11
239 199 38
239 240 37
240 42 38
240 239 79
241 2 94
241 32 37
241 76 15
241 192 65
241 196 92
241 242 50
241 341 36
241 342 6
241 345 38
241 358 5
242 1 38
242 7 24
242 178 65
242 179 71
242 241 9
242 333 69
242 343 82
243 48 86
243 50 53
244 75 74
244 193 53
245 93 95
245 94 77
246 175 27
247 174 97
247 175 73
247 206 50
248 39 41
248 184 75
249 42 20
249 43 44
250 37 12
250 227 42
251 37 90
252 24 20
252 46 66
252 109 6
252 219 86
253 109 17
253 219 51
254 219 16
255 95 10
255 96 65
256 2 67
256 95 94
256 188 75
257 95 10
257 186 1
258 43 96
258 259 74
259 214 90
259 258 62
260 24 73
260 36 69
261 24 59
261 262 32
262 184 69
262 185 27
262 261 11
263 1 23
263 7 75
263 264 80
264 263 11
265 37 53
265 91 83
266 24 92
266 94 96
267 196 65
268 32 75
268 269 65
269 268 3
270 214 56
271 66 61
271 123 75
272 2 73
272 66 22
273 175 23
273 176 48
274 42 78
275 2 90
276 47 6
276 66 96
276 106 95
276 233 51
277 73 44
278 2 55
278 171 82
279 1 13
280 2 73
280 124 40
280 186 29
281 36 13
281 185 63
282 124 68
282 283 9
283 282 16
284 1 9
284 7 24
285 0 60
285 1 35
285 13 5
286 1 87
286 8 20
286 13 59
287 24 46
287 221 7
287 288 67
287 316 1
288 287 68
288 289 93
289 24 88
289 57 33
289 58 57
289 288 75
289 290 48
289 291 22
289 295 84
289 296 23
289 297 32
289 302 77
289 304 84
289 312 49
289 313 24
289 314 83
289 331 19
290 92 77
290 289 21
291 218 12
291 289 83
291 304 57
291 313 91
292 293 26
292 308 25
293 292 87
293 294 78
293 308 70
294 293 44
294 295 35
295 289 78
295 294 69
295 297 69
296 18 92
296 289 97
297 57 84
297 289 29
297 295 28
298 57 27
299 300 72
299 321 98
300 299 13
300 301 4
300 321 28
301 37 9
301 300 46
302 92 9
302 289 86
303 24 39
303 57 38
304 24 44
304 289 14
304 291 2
305 2 51
305 58 29
305 306 12
305 318 51
306 305 50
306 307 93
306 324 55
306 325 70
306 327 82
306 329 66
307 58 68
307 306 14
307 324 94
307 325 35
307 328 73
307 329 73
307 330 31
308 292 2
308 293 43
309 170 78
310 170 78
311 218 71
312 218 3
312 289 65
313 289 82
313 291 91
313 314 24
314 289 38
314 313 24
315 221 80
316 221 96
316 287 70
316 321 28
317 18 43
317 57 11
318 26 83
318 57 59
318 305 27
318 329 88
319 211 71
319 320 29
320 319 52
321 56 59
321 211 14
321 221 61
321 223 84
321 299 87
321 300 43
321 316 11
322 323 73
323 322 29
323 324 35
323 325 42
323 326 19
324 306 4
324 323 68
324 326 66
325 306 39
325 323 82
325 326 58
325 327 51
325 329 15
326 323 99
326 324 59
326 325 62
326 329 64
327 306 57
327 325 8
328 307 79
328 329 90
329 2 36
329 58 66
329 306 76
329 307 87
329 318 87
329 325 34
329 326 61
329 328 31
330 307 49
330 325 29
330 328 93
330 329 34
331 91 41
331 289 67
331 359 36
332 76 11
332 178 100
332 238 38
332 345 93
333 4 83
333 242 29
334 74 53
334 208 70
334 335 45
334 336 95
335 334 9
336 74 53
336 334 48
337 338 33
338 337 36
338 339 9
339 338 65
339 340 98
340 185 44
340 339 50
341 34 16
341 76 42
341 241 90
342 178 1
342 241 13
342 343 49
342 356 24
343 242 52
343 342 75
343 356 34
344 75 92
344 345 1
345 2 55
345 241 91
345 332 98
345 344 20
346 7 81
346 76 79
346 354 32
347 18 45
347 22 41
347 57 88
347 361 100
348 22 26
348 349 84
349 348 39
350 42 93
351 106 94
351 276 53
352 2 12
352 25 61
353 354 35
354 346 41
354 353 98
355 32 86
355 75 30
356 342 41
356 343 6
357 174 92
357 195 93
358 76 11
358 241 50
359 91 79
359 331 80
360 18 72
360 23 78
360 57 74
360 361 94
361 18 21
361 57 98
361 347 27
361 360 77
362 22 91
362 363 83
363 362 79
363 364 60
364 363 19
364 365 90
365 364 60
366 22 50
366 64 25
367 64 73
367 368 81
368 97 9
368 367 68
369 96 9
369 128 78
370 22 4
370 371 71
371 370 8
371 372 97
372 371 75
372 373 23
373 372 12
373 374 20
374 373 62
374 375 57
375 374 91
375 376 64
376 375 84
376 377 17
377 376 33
377 378 53
378 377 42
378 379 55
379 378 14
379 380 63
380 379 97
381 22 61
381 382 16
382 381 5
382 383 100
383 382 37
383 384 81
384 383 99
384 385 33
385 384 88
385 386 85
386 385 41
386 387 18
387 386 7
387 388 71
388 387 42
388 389 83
389 388 50
390 22 24
390 391 59
391 390 6
391 392 22
392 391 96
392 393 97
393 392 17
393 394 79
394 393 79
394 395 80
395 394 59
395 396 78
396 395 51
396 397 8
397 396 30
397 398 82
398 397 96
399 22 79
399 400 77
400 399 54
400 401 100
401 400 85
401 402 66
402 401 94
402 403 9
403 402 73
403 404 44
404 403 30
404 405 15
405 404 69
406 22 56
406 407 92
407 406 74
407 408 23
408 407 49
408 409 52
409 408 87
410 43 45
