240 822 
0 1 42
0 5 68
1 0 35
1 2 1
2 0 70
2 1 25
2 3 79
2 12 59
3 0 63
3 2 65
3 4 6
3 5 46
4 1 82
4 3 28
4 5 62
5 0 92
5 3 96
5 4 43
5 6 28
5 7 37
5 12 92
6 0 5
6 5 3
6 7 54
6 21 93
7 6 83
7 8 22
8 7 17
8 9 19
8 21 96
9 7 48
9 8 27
9 10 72
9 11 39
9 12 70
9 20 13
9 21 68
10 9 100
10 11 36
10 12 95
10 20 4
10 22 12
11 9 23
11 10 34
11 12 74
11 19 65
11 22 42
11 23 12
12 2 54
12 3 69
12 5 48
12 9 45
12 13 63
12 14 58
12 15 38
12 23 60
12 31 24
12 32 42
12 40 30
12 62 79
12 63 17
12 64 36
12 136 91
12 169 43
12 171 89
13 5 7
13 6 41
13 12 43
13 14 65
13 15 49
13 16 47
14 9 6
14 11 91
14 12 30
14 13 71
14 15 51
15 12 7
15 13 2
15 14 94
15 16 49
15 25 30
16 12 24
16 15 85
16 17 55
16 18 57
16 25 41
17 16 67
17 18 77
18 16 32
18 17 9
18 19 45
18 24 40
19 11 27
19 18 24
19 23 38
19 24 39
20 6 19
20 9 83
20 10 30
21 8 42
21 9 34
21 20 16
22 10 40
22 11 59
23 11 5
23 12 31
23 14 78
23 19 7
24 18 74
24 19 87
25 15 22
25 16 46
26 27 25
26 137 73
27 26 71
27 28 30
28 27 78
28 29 74
29 28 98
29 30 13
30 29 87
30 31 91
31 12 62
31 30 37
32 12 56
32 33 68
32 38 56
32 40 75
32 43 32
32 57 53
32 62 51
32 63 51
32 64 42
32 66 25
32 67 67
32 68 31
32 136 8
33 32 92
33 34 8
33 35 38
33 37 58
33 38 88
34 33 54
34 35 84
35 34 46
35 36 10
35 37 10
36 35 59
36 37 22
37 32 89
37 36 23
37 38 47
38 32 7
38 37 31
38 39 14
38 40 69
39 38 1
39 40 92
40 32 63
40 39 56
40 41 11
40 42 60
40 44 25
41 37 38
41 38 49
41 40 84
41 42 96
42 40 42
42 41 3
42 43 51
43 41 92
43 42 37
43 44 75
44 40 21
44 42 97
44 43 22
44 45 49
45 44 100
45 52 69
46 47 85
46 51 82
46 52 35
47 46 54
47 48 100
48 46 19
48 47 39
48 49 1
49 46 89
49 48 28
49 50 68
50 49 29
50 51 94
50 52 49
51 50 84
51 52 8
52 43 22
52 45 11
52 50 18
52 51 14
53 54 15
53 72 10
54 53 17
54 55 36
54 58 52
55 54 1
55 56 50
55 57 20
56 55 57
56 57 99
57 56 4
57 58 25
57 61 9
57 63 45
58 53 10
58 54 90
58 57 3
58 59 96
58 60 86
59 58 94
59 60 44
59 63 24
59 71 88
60 58 15
60 59 4
60 61 49
61 55 1
61 60 59
61 62 19
61 63 81
62 32 97
62 61 99
62 63 82
62 71 90
63 32 99
63 58 10
63 61 58
63 62 73
63 64 23
63 71 39
64 32 93
64 63 39
64 65 80
64 133 91
64 136 58
65 63 59
65 64 92
65 66 16
66 65 89
66 67 57
66 70 12
67 32 3
67 66 35
67 68 73
67 69 56
67 70 29
68 32 47
68 67 63
68 69 87
69 67 76
69 68 34
70 66 70
70 67 43
71 58 45
71 62 17
71 63 82
72 53 99
73 74 23
74 73 52
74 75 22
75 74 100
75 76 58
76 75 77
76 77 93
77 76 90
77 78 76
77 96 13
77 97 1
77 98 11
78 77 4
78 79 70
78 82 62
79 78 89
79 80 2
80 79 90
80 81 56
80 86 24
81 80 3
81 82 86
81 86 83
81 96 86
81 97 89
81 98 27
82 81 18
82 83 58
82 86 33
83 82 33
83 84 70
84 83 55
84 85 22
85 84 90
85 86 77
86 77 30
86 81 69
86 85 93
86 87 26
86 96 56
86 97 35
86 98 50
86 104 42
86 113 13
87 86 46
87 88 61
87 91 19
87 96 54
88 87 40
88 89 24
89 88 80
89 90 97
90 86 88
90 89 30
90 91 50
90 94 38
91 90 67
91 92 50
92 91 94
92 93 96
93 92 98
93 94 17
94 93 87
94 95 6
94 96 89
95 94 83
95 96 56
96 86 35
96 90 15
96 95 2
96 97 17
96 114 72
97 86 87
97 87 64
97 96 14
97 98 56
97 99 86
97 104 54
97 114 13
98 77 9
98 81 33
98 86 46
98 96 14
98 97 57
98 99 22
98 104 59
99 98 47
99 100 83
99 101 82
99 102 45
99 104 97
100 99 23
100 101 30
100 102 62
101 99 36
101 100 51
101 102 74
102 99 67
102 100 45
102 101 60
102 103 93
102 104 40
103 102 54
103 104 25
104 86 55
104 98 11
104 99 46
104 102 50
104 103 87
104 105 14
105 99 75
105 104 23
105 106 69
106 98 19
106 105 88
107 108 6
108 107 59
108 109 92
109 108 3
109 110 26
110 109 78
110 111 15
111 110 15
111 112 25
112 111 35
112 113 75
113 86 73
113 112 60
114 96 34
114 97 71
114 115 88
115 114 98
115 116 19
116 115 78
116 117 74
117 116 71
117 118 64
118 117 69
118 119 93
119 118 86
119 120 3
120 119 81
120 121 14
121 120 28
122 123 3
123 122 100
123 124 28
124 123 26
124 125 44
125 12 25
125 124 24
125 126 73
126 125 62
126 127 82
127 126 4
127 128 33
128 127 6
128 129 94
129 128 26
129 130 32
130 129 93
130 131 43
131 130 23
131 132 87
132 131 65
132 133 1
133 64 88
133 132 61
133 134 14
134 133 75
134 135 71
135 134 71
135 136 36
136 32 34
136 64 12
136 135 61
137 26 97
137 138 68
138 26 86
138 137 51
138 139 41
139 138 95
139 140 96
140 139 25
140 141 20
141 140 26
141 142 77
142 141 95
142 143 59
143 142 3
143 144 72
143 145 67
143 147 79
144 143 94
144 145 52
145 142 85
145 143 19
145 144 65
145 146 20
145 147 53
145 148 1
145 159 88
145 160 61
145 161 27
146 140 11
146 145 58
146 147 71
146 159 16
146 161 77
147 143 28
147 145 44
147 146 59
147 159 65
147 161 10
148 145 83
148 149 87
149 148 66
149 150 88
150 149 78
150 151 75
151 150 26
151 152 28
152 151 30
152 153 29
153 152 24
153 154 21
154 153 3
154 155 63
155 154 24
155 156 97
156 155 38
156 157 62
157 156 96
157 158 26
158 147 65
158 157 61
158 159 3
159 146 17
159 147 31
159 158 27
159 161 12
160 145 72
160 146 12
160 161 48
161 146 54
161 147 21
161 159 91
161 160 25
162 163 89
162 173 64
163 162 41
163 164 52
164 163 63
164 165 30
165 164 1
165 166 14
166 165 59
166 167 79
167 166 66
167 168 8
168 167 78
168 169 1
169 168 59
169 170 40
170 169 4
170 171 61
171 12 58
171 170 25
172 173 78
173 162 9
173 172 14
174 175 88
174 196 2
174 197 51
174 198 61
175 174 29
175 176 94
175 195 85
175 196 6
175 197 41
176 175 12
176 177 5
176 195 36
176 196 57
177 176 73
177 178 51
177 191 24
177 193 86
177 194 57
177 195 17
178 177 27
178 179 58
178 190 27
178 191 58
178 192 38
178 193 72
179 178 70
179 180 62
179 182 97
179 187 23
179 188 18
179 189 13
179 190 18
180 178 97
180 179 86
180 181 42
180 182 24
180 188 30
180 189 30
180 191 66
181 180 60
181 182 33
181 183 97
181 188 56
181 189 54
181 192 63
182 179 85
182 180 35
182 181 55
182 183 73
182 184 58
182 185 70
182 186 33
183 182 64
183 184 8
183 185 84
184 181 12
184 182 36
184 183 68
184 185 49
184 186 76
185 179 39
185 180 24
185 182 43
185 183 55
185 184 12
185 186 42
185 187 76
186 182 60
186 183 26
186 184 22
186 185 71
186 187 27
186 201 35
186 205 6
186 207 84
186 209 51
186 210 99
186 213 80
187 179 2
187 180 94
187 182 35
187 184 38
187 185 35
187 186 57
187 201 94
187 207 77
187 211 6
187 227 63
187 230 49
187 232 82
187 238 1
187 239 14
188 179 42
188 180 56
188 181 56
188 189 43
189 179 63
189 188 12
189 190 78
190 178 25
190 179 79
190 182 53
190 189 44
190 191 97
191 177 74
191 178 41
191 179 14
191 192 76
191 193 73
192 178 19
192 191 11
192 193 18
193 177 33
193 178 13
193 180 96
193 191 70
193 192 32
194 176 41
194 177 89
194 193 86
194 195 91
195 175 98
195 176 90
195 177 91
195 194 46
196 174 54
196 175 15
196 176 52
196 195 41
196 197 45
197 174 59
197 175 36
197 196 60
198 174 93
198 199 6
199 198 65
199 200 82
200 199 4
201 186 30
201 202 76
202 186 9
202 201 93
202 203 98
202 204 50
202 205 57
202 220 62
203 202 28
203 204 68
203 220 42
204 186 30
204 203 41
204 205 14
205 186 75
205 202 2
205 203 78
205 204 16
205 206 84
205 207 14
206 205 93
206 207 25
207 186 2
207 204 93
207 205 60
207 206 71
207 208 29
207 212 28
207 213 85
208 186 76
208 207 87
208 209 99
209 186 71
209 204 88
209 207 48
209 208 5
209 210 4
209 211 22
210 186 64
210 207 7
210 208 64
210 209 11
210 211 72
210 213 90
211 207 41
211 210 65
211 212 43
211 213 20
212 208 14
212 210 92
212 211 5
212 213 19
212 217 33
213 207 51
213 209 6
213 211 76
213 212 40
213 214 4
213 215 23
213 217 99
214 213 48
214 215 85
215 214 49
215 216 72
216 212 65
216 213 14
216 215 76
216 217 46
216 221 13
217 213 47
217 215 79
217 216 70
217 218 63
218 217 20
218 219 86
219 218 90
220 202 45
220 203 66
221 216 41
222 223 46
223 222 9
223 224 19
224 222 71
224 223 2
224 225 24
224 227 33
225 223 73
225 224 53
225 226 88
225 227 71
226 224 64
226 225 2
226 227 4
226 228 24
227 225 28
227 226 1
227 228 70
227 229 16
228 225 66
228 226 29
228 227 44
228 229 48
228 230 89
229 227 44
229 228 38
229 230 10
229 232 64
229 237 50
230 228 82
230 229 89
230 231 43
230 232 9
231 229 61
231 230 22
231 232 59
231 237 55
232 187 89
232 229 47
232 230 91
232 231 50
232 233 44
232 234 31
232 237 21
232 238 49
233 232 68
233 234 37
233 236 84
234 233 36
234 235 27
234 236 86
235 234 39
235 236 54
235 237 30
236 234 25
236 235 49
236 237 24
237 187 60
237 232 58
237 235 67
237 236 45
237 238 56
238 187 19
238 232 27
238 237 12
238 239 26
239 187 56
239 238 2
