4689 6155 
0 1 42
1 2 68
1 2757 35
2 3 1
3 4 70
4 5 25
4 6 79
5 6 59
6 7 63
6 116 65
6 1736 6
6 2567 46
7 8 82
7 1737 28
7 2573 62
7 3727 92
7 4033 96
8 9 43
9 10 28
10 11 37
10 41 92
10 4625 5
11 12 3
11 228 54
11 1772 93
11 4668 83
12 13 22
13 14 17
13 62 19
13 63 96
13 697 48
13 892 27
14 15 72
15 16 39
15 17 70
16 17 13
17 18 68
17 481 100
18 19 36
19 20 95
20 21 4
21 22 12
21 1703 23
21 2564 34
22 23 74
23 24 65
24 25 42
24 2528 12
25 26 54
26 27 69
27 28 48
28 29 45
29 30 63
29 2523 58
30 31 38
31 32 60
32 33 24
33 34 42
34 35 30
35 36 79
36 37 17
37 38 36
38 39 91
39 40 43
39 864 89
40 12 7
40 41 41
40 229 43
41 42 65
41 43 49
41 480 47
41 537 6
41 696 91
41 1938 30
41 1946 71
41 4451 51
42 43 7
43 44 2
43 132 94
43 4669 49
44 45 30
44 3998 24
45 46 85
45 4015 55
46 47 57
46 116 41
46 117 67
46 1117 77
46 2567 32
47 48 9
48 49 45
48 50 40
48 81 27
49 50 24
50 51 38
51 52 39
51 2759 19
52 53 83
53 54 30
53 604 42
54 0 34
54 604 16
54 2400 40
54 2760 59
54 3826 5
55 56 31
56 57 78
57 58 7
57 606 74
58 59 87
59 60 22
60 61 46
61 5 25
62 63 73
62 892 71
63 64 30
64 65 78
64 1197 74
65 66 98
65 894 13
65 2182 87
66 67 91
67 68 62
67 1275 37
68 69 56
68 700 68
69 70 56
70 71 75
71 72 32
71 1271 53
72 73 51
72 626 51
73 74 42
74 75 25
74 1272 67
75 76 31
75 1199 8
75 3874 92
76 77 8
76 1275 38
77 78 58
77 4596 88
78 79 54
78 692 84
79 80 46
80 40 10
80 864 10
80 1196 59
81 82 22
82 83 89
83 84 23
84 85 47
85 86 7
86 87 31
87 88 14
88 89 69
89 90 1
90 91 92
91 92 63
92 55 56
92 1752 11
93 94 60
94 95 25
95 96 38
95 2263 49
96 97 84
97 98 96
97 99 42
98 99 3
99 100 51
99 2261 92
99 2317 37
99 3574 75
99 3633 21
100 101 97
100 102 22
100 1755 49
101 102 100
102 103 69
102 1510 85
103 104 82
103 608 35
104 105 54
105 106 100
106 107 19
106 1513 39
107 108 1
107 1610 89
108 109 28
109 110 68
110 111 29
110 938 94
111 112 49
112 113 84
113 114 8
114 115 22
115 46 11
115 4014 18
116 117 14
116 1117 15
117 118 10
117 119 17
118 119 36
119 120 52
119 121 1
120 121 50
121 122 20
121 783 57
121 1627 99
122 123 4
123 124 25
123 125 9
124 125 45
124 2163 10
125 126 90
125 127 3
126 127 96
127 128 86
127 1771 94
128 129 44
129 130 24
130 131 88
130 227 15
131 43 4
132 133 49
133 134 1
134 135 59
135 136 19
135 137 81
136 137 97
137 138 99
138 139 82
138 140 90
139 140 99
140 141 10
141 142 58
141 143 73
142 143 23
142 1523 39
143 144 93
143 1760 39
143 2405 80
144 145 91
144 2262 58
145 146 59
145 2262 92
146 147 16
147 93 89
147 1683 57
148 149 12
149 150 3
149 151 35
150 151 73
151 152 56
152 153 29
152 154 47
152 155 63
153 154 87
154 155 76
154 2942 34
154 3151 70
155 156 43
155 4454 45
156 157 17
157 158 82
158 159 99
159 160 23
160 161 52
160 3152 22
160 4120 100
161 162 58
162 163 77
163 164 93
164 165 90
165 166 76
166 167 13
167 168 1
168 169 11
168 170 4
169 170 70
170 171 62
170 1187 89
171 172 2
172 173 90
173 174 56
173 1541 24
173 1553 3
173 1835 86
174 175 83
174 1541 86
174 2628 89
175 176 27
175 3124 18
176 177 58
177 178 33
177 179 33
178 179 70
179 180 55
179 3227 22
180 181 90
180 1554 77
180 2459 30
181 182 69
182 183 93
183 184 26
184 185 56
185 186 35
186 187 50
187 188 42
188 189 13
189 190 46
190 191 61
190 192 19
191 192 54
191 2940 40
192 193 24
192 3659 80
193 194 97
193 195 88
194 195 30
194 2957 50
194 3658 38
195 196 67
196 197 50
196 198 94
197 198 96
197 3181 98
197 3182 17
198 148 87
198 4491 6
199 200 89
200 201 83
200 4568 56
201 202 35
202 203 15
202 1892 2
202 2450 17
202 3192 72
202 3647 87
202 4356 64
203 204 14
204 205 56
205 206 86
206 207 54
206 653 13
206 1172 9
207 208 33
207 3606 46
208 209 14
209 210 57
210 211 22
211 212 59
212 213 47
212 2421 83
213 214 82
214 215 45
215 216 97
216 217 23
217 218 30
217 343 62
218 219 36
219 220 51
220 221 74
221 222 67
222 223 45
222 224 60
222 229 93
223 41 40
223 224 54
224 225 25
224 230 55
224 537 11
224 657 46
224 696 50
225 226 87
226 227 14
227 12 75
227 41 23
227 228 69
227 229 19
228 12 88
228 229 6
229 230 59
229 1515 92
230 15 3
230 231 26
230 936 78
230 954 15
231 232 15
232 233 25
233 234 35
233 666 75
234 235 73
235 236 60
236 237 34
237 238 71
237 740 88
238 239 98
239 240 19
240 241 78
241 242 74
242 243 71
243 244 64
244 245 69
244 1683 93
245 246 86
246 247 3
247 248 81
247 1172 14
248 249 28
249 250 3
250 251 100
251 252 28
251 1171 26
251 1893 44
251 2322 25
252 253 24
252 2451 73
253 254 62
254 199 82
255 256 4
256 257 33
257 258 6
258 259 94
258 304 26
258 3528 32
259 260 93
259 2666 43
260 261 23
261 262 87
261 263 65
261 2670 1
262 263 88
263 264 61
263 1809 14
263 4616 75
264 265 71
265 266 71
266 267 36
267 268 34
268 269 12
269 270 61
270 271 97
270 831 68
271 272 86
272 273 51
272 2674 41
273 274 95
273 4484 96
274 275 25
275 276 20
275 1805 26
275 2148 77
276 277 95
276 533 59
276 872 3
277 278 72
278 279 67
279 280 79
280 281 94
280 1317 52
280 4642 85
281 282 19
281 4655 65
282 283 20
283 284 53
284 285 1
284 540 88
285 286 61
286 287 27
287 288 11
287 289 58
287 2057 71
288 289 16
288 2150 77
289 290 28
290 291 44
291 292 59
292 293 65
292 848 10
292 1032 83
292 2210 87
293 294 66
293 1806 88
294 295 78
295 296 75
295 2676 26
296 297 28
297 298 30
298 299 29
299 300 24
299 301 21
300 301 3
301 302 63
302 303 24
302 304 97
303 304 38
304 305 62
304 2168 96
304 2685 26
305 306 65
306 307 61
307 308 3
307 3697 17
308 309 31
309 255 27
310 311 12
310 369 72
311 312 12
312 313 48
313 314 54
313 1247 21
314 315 91
315 316 25
315 317 89
316 317 64
317 318 41
317 1223 52
318 319 63
319 320 30
319 463 1
320 321 14
321 322 59
322 323 79
322 592 66
322 2872 8
323 324 78
323 1936 1
324 325 59
324 1936 40
325 326 4
326 327 61
326 733 58
327 328 25
327 1716 78
328 329 9
329 330 14
329 736 88
330 331 2
331 332 51
331 2420 61
332 333 29
333 334 94
334 335 85
334 656 6
335 336 41
336 337 12
336 1602 5
337 338 36
338 339 57
339 340 73
340 220 51
340 341 24
341 342 86
342 343 57
343 344 17
343 2175 27
344 345 58
344 612 27
345 346 58
346 347 38
347 348 72
347 667 70
347 1165 62
348 349 97
349 350 23
349 2408 18
350 351 13
351 352 18
351 719 97
351 863 86
352 353 42
353 354 24
354 355 30
355 356 30
356 357 66
357 358 60
357 722 33
357 723 97
358 359 56
359 360 54
360 361 63
360 463 85
360 1612 35
360 2873 55
361 320 73
361 362 58
362 363 70
362 2445 33
363 364 64
364 365 8
364 366 84
365 366 12
365 1247 36
366 367 68
367 368 49
367 3193 76
368 369 39
369 370 24
370 371 43
370 3637 55
371 372 12
372 310 42
372 1218 76
372 3636 60
373 374 26
374 375 22
375 376 71
375 3660 27
375 4595 35
376 377 6
377 378 84
378 379 51
379 380 99
380 381 80
380 913 2
380 2473 94
381 382 35
382 383 38
383 384 35
384 385 57
385 386 94
385 878 77
386 387 6
386 909 63
387 388 49
388 389 82
389 390 1
390 391 14
391 392 42
391 882 56
392 393 56
393 394 43
394 395 63
395 396 12
396 397 78
397 398 25
397 3328 79
398 399 53
399 400 44
399 1065 97
399 2087 74
400 401 41
400 526 14
400 3791 76
400 4476 73
401 402 19
402 403 11
403 404 18
403 4101 33
403 4604 13
404 405 96
405 406 70
406 407 32
406 2056 41
406 2148 89
407 408 86
408 409 91
409 410 98
410 411 90
411 293 91
411 412 46
411 848 54
411 870 15
411 2210 52
412 413 41
413 414 45
414 415 59
414 871 36
415 416 60
416 417 93
417 418 6
418 419 65
419 420 82
419 3013 4
420 421 30
421 422 76
421 2087 9
422 423 93
423 424 98
424 425 50
424 546 57
424 1514 62
424 2002 28
425 426 68
426 427 42
426 3901 30
427 428 41
428 429 14
429 430 75
430 431 2
430 3336 78
431 432 16
432 433 84
432 904 14
433 434 93
434 435 25
435 436 2
436 437 93
437 438 60
438 439 71
438 3929 29
439 440 28
440 441 85
441 442 76
441 913 87
442 443 99
443 444 71
443 4493 88
444 445 48
445 446 5
446 447 4
447 448 22
448 449 64
448 2500 7
449 373 64
450 451 11
451 452 72
452 453 90
453 454 41
454 455 65
455 456 43
456 457 20
456 3186 14
457 458 92
458 459 5
459 460 19
459 461 33
460 461 51
461 462 6
461 463 76
462 463 40
463 464 4
463 575 23
464 465 99
464 1953 48
465 466 85
466 467 49
466 1712 72
467 468 65
467 1596 14
467 1692 76
468 469 46
469 470 13
470 471 47
471 472 79
472 473 70
473 474 63
473 1229 20
473 2547 86
474 475 90
475 476 45
476 218 66
476 477 41
477 478 46
477 739 9
478 37 19
478 479 71
479 37 2
480 227 24
481 482 33
482 483 73
482 613 53
483 484 88
483 715 71
484 485 64
485 486 2
486 487 4
487 488 24
488 489 28
489 490 1
490 491 70
491 492 16
492 493 66
493 494 29
493 3498 44
494 495 48
494 1952 89
495 496 44
495 497 38
495 2548 10
496 497 64
496 2548 50
497 498 82
497 499 89
498 499 43
499 500 9
500 501 61
501 502 22
502 503 59
502 2530 55
503 504 89
503 3199 47
504 505 91
505 450 50
506 507 44
507 508 31
507 3782 21
508 509 49
508 3796 68
509 510 37
509 2116 84
510 511 36
510 4470 27
511 512 86
512 513 39
512 3958 54
513 514 30
514 515 25
515 516 49
516 517 24
517 518 60
518 519 58
518 3790 67
519 520 45
520 521 56
521 522 19
522 523 27
523 524 12
524 398 26
524 525 56
524 2128 2
525 399 50
525 1065 97
526 527 85
527 528 16
528 529 65
529 530 43
530 531 76
530 2412 14
531 532 43
531 1153 97
531 2412 49
532 533 73
533 534 27
534 535 7
535 41 74
535 536 30
535 665 5
535 1407 6
535 4611 27
536 537 13
537 538 76
538 539 94
539 279 66
539 285 37
539 540 37
539 869 42
539 1173 15
540 541 95
540 1070 57
540 1071 53
540 3011 37
541 542 39
542 543 83
542 658 56
542 1154 16
543 544 32
544 545 31
545 422 42
545 2086 26
546 547 12
547 548 38
547 1074 87
548 549 91
549 550 51
550 551 63
551 552 35
552 553 94
553 554 54
553 555 17
554 555 53
555 556 9
556 512 63
556 557 34
557 558 55
558 559 4
559 560 35
560 561 4
560 2096 57
561 562 49
561 563 25
562 563 18
563 506 14
563 4483 10
564 565 29
565 566 1
566 567 81
567 568 19
568 569 59
569 570 51
570 571 56
571 572 62
572 573 65
573 574 4
574 358 77
575 576 44
576 577 10
577 578 3
577 3357 62
578 579 90
578 2455 49
579 580 83
579 581 54
580 581 75
581 582 21
581 1959 3
582 583 24
583 584 32
583 585 70
584 585 79
585 586 60
585 3361 9
586 587 20
587 588 72
587 589 4
588 589 46
589 590 82
589 3499 5
590 495 93
590 591 86
591 361 14
592 593 99
593 594 90
594 595 23
595 205 39
595 596 38
596 597 11
597 598 62
598 599 35
599 600 9
600 601 62
601 602 60
602 564 94
602 1722 16
603 604 70
604 605 38
604 1738 70
605 57 59
605 1738 1
606 607 72
607 103 65
608 609 18
609 610 16
610 611 56
611 612 16
612 613 31
612 714 40
612 715 13
613 614 89
614 615 83
614 2526 55
615 616 86
615 2524 11
616 617 85
617 618 75
617 1842 81
618 619 16
618 929 52
618 2082 42
619 620 16
619 1547 80
620 621 11
620 961 99
621 622 74
622 623 89
623 624 78
624 625 33
625 626 57
626 627 90
626 3954 14
627 21 9
627 628 42
628 629 91
628 2080 24
629 630 64
630 631 29
630 2416 85
630 2526 79
631 632 1
632 477 72
632 633 86
633 634 75
634 635 72
635 636 34
636 637 68
637 638 54
638 142 96
638 639 69
639 640 26
640 641 77
641 603 30
642 643 51
642 728 99
643 644 10
644 645 94
644 2448 87
645 646 81
646 647 17
647 648 50
648 649 68
649 650 29
650 651 80
651 652 65
652 653 22
652 1717 6
653 654 27
654 332 17
654 655 17
654 3605 27
655 332 67
656 218 88
657 537 82
658 659 65
658 660 41
659 660 87
660 661 22
660 1349 63
660 2234 22
661 662 65
662 663 10
662 664 16
663 664 3
663 1154 74
664 529 25
665 229 42
665 537 46
666 345 63
666 612 24
666 634 32
667 668 7
668 669 69
669 670 19
670 671 3
671 672 8
672 673 8
673 674 82
674 675 13
675 676 37
676 677 31
677 678 15
678 679 10
678 3648 85
679 642 57
680 681 91
681 682 94
682 683 97
682 684 53
683 684 55
684 685 46
685 686 9
685 3276 49
686 687 92
686 1193 13
686 1194 32
687 688 15
688 689 40
689 690 59
690 691 23
691 78 5
692 693 96
692 1157 53
692 2233 70
692 2414 80
693 694 39
693 4459 24
693 4487 19
694 695 67
694 4105 60
695 40 99
695 864 87
696 227 97
696 537 63
697 698 34
697 1236 59
697 1237 23
697 3999 47
697 4487 93
698 699 38
698 1159 26
699 65 48
700 701 59
700 4460 3
701 702 8
702 703 99
702 2487 31
703 704 93
704 705 1
705 706 79
705 1200 100
705 1201 53
705 3252 49
706 680 83
707 708 41
708 709 16
709 710 76
710 711 63
711 712 68
712 713 37
713 216 98
714 715 19
715 716 98
715 717 29
716 717 52
717 718 17
718 351 31
719 720 50
719 721 26
719 1688 59
720 721 30
721 356 21
721 357 41
722 723 61
722 1935 48
723 724 63
724 725 56
725 726 76
725 1246 93
726 727 62
727 642 55
727 3648 99
728 729 47
729 730 15
730 731 47
730 732 89
730 4059 70
731 732 39
732 323 64
733 734 76
733 1225 16
734 735 22
735 736 76
736 737 16
737 476 29
737 738 35
738 476 71
739 234 6
740 741 65
741 742 58
742 743 63
743 744 62
744 707 25
745 746 50
746 747 70
747 748 31
748 749 24
748 1375 51
749 750 34
749 1374 26
750 751 11
751 752 38
752 753 37
752 1377 38
752 1572 79
752 3431 94
753 754 37
754 755 15
755 756 65
755 3428 92
756 757 50
756 758 36
756 1295 6
756 2922 38
757 758 5
758 759 38
759 760 24
760 761 65
761 762 71
761 763 9
762 763 69
763 764 82
763 1457 86
764 765 53
764 794 74
764 4640 53
765 766 95
766 767 77
767 768 27
768 769 97
769 770 73
769 1102 50
770 771 41
771 772 75
772 773 20
772 1489 44
773 774 12
774 123 42
774 775 90
774 776 20
774 1627 66
775 776 6
776 777 86
777 778 17
777 839 51
777 1459 16
778 779 10
779 780 65
780 781 67
780 840 94
781 782 75
781 840 10
781 1627 1
782 783 96
783 784 74
783 1631 90
784 785 62
784 1495 73
785 786 69
785 1105 59
786 787 32
787 788 69
788 789 27
788 790 11
789 790 23
790 791 75
790 2043 80
791 792 11
792 793 53
793 794 83
794 795 92
794 796 96
794 1461 65
795 796 75
796 797 65
797 798 3
798 799 56
799 800 61
799 801 75
800 801 73
801 756 22
801 802 23
802 803 48
803 804 78
803 3855 90
803 4131 6
804 805 96
805 806 95
806 807 51
806 3430 44
807 808 55
807 1437 82
808 809 13
809 810 73
809 3849 40
810 811 29
811 812 13
812 745 63
813 814 68
814 815 9
815 816 16
815 994 9
816 817 24
817 818 60
818 819 35
819 820 5
819 821 87
819 3388 20
820 821 59
821 822 46
822 823 7
823 824 67
824 825 1
825 826 68
825 827 93
826 827 88
827 828 33
828 829 57
829 830 75
830 269 48
830 989 22
830 1804 84
830 2210 23
831 832 32
831 2198 77
832 833 84
833 834 49
834 835 24
834 1400 83
835 836 19
836 837 77
836 838 21
837 838 12
838 774 83
839 779 57
839 4641 91
840 841 26
841 842 25
841 1025 87
842 843 78
843 844 70
844 845 44
845 846 35
846 847 78
847 291 69
847 2207 69
848 849 92
849 850 97
850 851 84
851 852 29
851 853 28
852 853 27
852 2588 72
852 2727 98
853 854 13
854 855 4
854 990 28
854 3556 9
855 856 46
855 857 9
856 857 86
857 858 39
857 859 38
858 859 44
859 860 14
860 861 2
860 994 51
861 862 29
862 813 12
862 985 51
862 3547 50
863 734 93
864 865 55
864 4583 70
864 4597 82
865 866 66
866 867 68
867 868 14
868 869 94
869 407 35
870 413 73
871 275 73
872 873 31
873 874 2
874 875 43
875 13 78
876 877 78
877 381 71
877 442 3
877 1252 65
877 1339 82
878 879 91
879 880 24
880 881 38
880 2949 24
881 390 80
881 1265 96
882 883 70
883 884 28
884 885 43
885 886 11
885 1347 83
886 887 59
886 1269 27
886 1270 88
887 888 71
888 889 29
889 890 52
889 1156 59
890 891 14
891 80 61
891 4104 84
892 893 87
893 894 43
893 4598 11
894 895 73
895 896 29
895 1151 35
896 897 42
897 898 19
898 899 4
899 900 68
900 901 66
900 1277 39
900 1278 82
901 902 58
902 903 51
903 431 15
904 905 99
905 906 59
906 907 62
907 437 64
907 908 57
907 1282 8
907 2497 79
908 386 90
909 910 36
910 911 66
911 912 76
912 439 87
912 3929 87
913 876 34
913 1251 61
913 1338 31
913 2473 49
914 915 29
915 916 93
916 917 34
917 918 41
918 919 67
919 920 36
920 921 11
921 922 100
922 923 38
923 924 93
924 925 83
924 1841 29
925 926 53
926 927 70
926 928 45
927 928 95
928 929 9
928 1546 53
928 3163 48
929 930 33
930 931 36
930 3997 9
931 932 65
931 1235 98
931 3997 44
932 933 50
933 934 16
934 935 42
935 222 90
935 936 1
936 340 13
936 937 49
937 109 24
937 135 52
938 939 75
939 940 34
940 941 92
940 4677 1
941 942 55
942 943 91
943 944 98
944 945 20
945 946 81
946 947 79
947 948 32
948 949 45
949 950 41
950 951 88
950 1609 100
951 952 26
952 222 84
952 953 39
953 223 93
953 954 94
954 955 53
955 956 12
956 957 61
957 958 35
957 1702 41
958 959 98
959 960 86
960 619 30
960 627 41
961 962 6
961 1965 92
962 963 93
963 964 11
964 965 50
964 1845 79
965 966 80
966 967 72
967 968 78
968 969 74
969 970 94
970 971 21
971 972 98
972 973 27
973 974 77
973 975 91
974 975 83
975 586 79
975 914 60
975 3357 19
976 977 90
977 978 60
977 4558 50
978 979 25
979 980 73
980 981 81
981 982 9
981 996 68
982 983 9
982 3701 78
983 984 4
983 2579 71
984 816 8
984 861 97
985 986 75
986 987 23
987 988 12
988 823 20
989 848 62
989 1032 57
990 991 91
991 992 64
992 993 84
993 814 17
993 2151 33
993 2832 53
994 995 42
995 996 55
995 2596 14
996 997 63
996 2846 97
996 3676 61
997 998 16
998 999 5
999 1000 100
999 2694 37
1000 1001 81
1000 4614 99
1001 976 33
1002 1003 88
1003 1004 85
1003 3558 41
1004 1005 18
1005 1006 7
1005 3677 71
1006 1007 42
1007 1008 83
1008 1009 50
1009 1010 24
1010 1011 59
1010 1012 6
1011 1012 22
1012 1013 96
1013 1014 97
1013 2656 17
1014 1015 79
1014 1016 79
1015 1016 80
1016 1017 59
1017 1018 78
1018 269 51
1018 989 8
1018 1019 30
1019 1020 82
1019 1021 96
1020 1021 79
1021 1022 77
1022 1023 54
1023 1024 100
1024 836 85
1024 1400 66
1025 1026 94
1025 1414 9
1026 1027 73
1027 1028 44
1028 1029 30
1029 1030 15
1029 1031 69
1030 1031 56
1031 1032 92
1031 1806 74
1032 1033 23
1033 1034 49
1034 1035 52
1035 1036 87
1035 1037 45
1036 1037 47
1037 1038 78
1038 1039 18
1039 1040 30
1039 1041 17
1040 1041 75
1041 1042 92
1042 1043 70
1042 2589 13
1042 3554 47
1043 1044 94
1044 1045 92
1045 1046 16
1045 4607 50
1046 1047 58
1047 1048 41
1047 3559 53
1048 1049 37
1049 1002 52
1049 3550 88
1050 1051 27
1050 3027 63
1051 1052 56
1052 1053 84
1053 1054 95
1053 2994 81
1053 3047 98
1054 1055 66
1055 1056 66
1056 1057 14
1057 1058 62
1058 1059 79
1059 1060 79
1060 1061 79
1061 1062 41
1062 1063 12
1063 1064 48
1064 523 46
1065 1066 71
1065 1067 76
1066 1067 90
1067 1068 51
1067 2412 50
1068 1069 34
1068 1153 66
1068 2001 15
1068 3900 83
1069 1070 8
1070 1071 33
1070 3011 97
1071 1072 68
1071 1073 23
1072 1073 83
1073 423 11
1073 424 42
1074 1075 32
1074 3040 88
1074 3055 6
1075 1076 80
1076 1077 22
1077 1078 39
1078 1079 52
1079 1080 48
1080 1081 9
1081 1082 47
1081 3050 77
1082 1083 60
1083 1084 90
1084 1085 23
1085 1086 67
1086 1087 87
1087 1050 56
1088 1089 29
1089 1090 15
1090 1091 61
1091 1092 54
1092 1093 78
1093 1094 49
1094 1095 4
1094 3518 62
1095 1096 32
1096 1097 83
1097 1098 56
1098 1099 98
1099 1100 7
1100 1101 53
1100 1303 22
1101 767 97
1101 2042 82
1102 1103 22
1103 1104 56
1104 785 48
1105 1106 25
1106 1107 19
1107 1108 36
1108 1109 77
1109 1110 75
1109 1111 60
1110 1111 99
1110 1358 75
1110 1634 54
1111 1112 23
1111 1113 36
1112 1113 44
1113 7 89
1113 47 54
1113 1114 33
1113 1771 48
1114 1115 81
1114 1584 27
1115 1116 79
1116 1117 51
1117 1118 2
1117 1119 62
1118 1119 100
1119 1120 56
1119 1634 64
1120 1121 17
1120 1122 74
1121 1122 62
1121 1623 46
1122 1123 74
1122 1321 75
1122 3827 51
1123 1124 54
1124 1125 82
1125 1126 88
1126 1127 100
1127 1128 11
1128 1129 44
1129 1130 66
1130 1131 73
1131 1132 30
1132 1133 82
1133 1134 13
1134 1135 77
1135 1136 82
1135 1331 48
1136 1137 91
1137 1138 72
1138 1139 6
1138 4620 73
1139 1140 33
1140 1141 90
1141 1142 21
1141 3540 66
1142 1143 32
1143 1144 59
1144 1088 94
1145 1146 7
1146 1147 79
1147 1148 49
1148 1149 7
1148 3997 72
1149 1150 67
1150 699 97
1151 658 98
1151 1152 21
1152 529 95
1152 4106 30
1153 277 89
1153 533 10
1154 1155 85
1155 889 70
1156 78 79
1157 1158 18
1157 1273 16
1158 1159 27
1159 1160 85
1160 1145 69
1160 2183 7
1160 4586 29
1161 1162 98
1162 1163 19
1162 1406 91
1162 1491 100
1163 1164 86
1164 276 87
1165 1166 100
1166 1167 21
1167 1168 11
1167 1170 72
1168 1169 14
1168 4067 16
1169 1170 86
1170 207 19
1170 249 81
1170 571 32
1171 203 68
1172 653 88
1173 1174 45
1174 1161 87
1174 1408 8
1174 2165 61
1175 1176 28
1176 1177 75
1176 1827 32
1177 1178 53
1178 1179 72
1178 3886 69
1179 1180 94
1179 1859 86
1180 1181 38
1180 2634 12
1181 1182 5
1182 1183 78
1182 4113 7
1183 1184 69
1184 1185 23
1185 1186 14
1186 1187 1
1187 1188 43
1188 1189 38
1189 1190 39
1190 1191 89
1191 1192 56
1192 682 90
1192 3252 48
1193 71 82
1193 1194 94
1194 1195 85
1195 79 88
1196 62 62
1197 1198 94
1198 702 18
1198 1199 2
1198 2956 83
1198 2987 48
1198 3879 66
1199 702 54
1200 1201 5
1201 1202 85
1201 3339 96
1202 1203 26
1203 1204 22
1204 1205 65
1204 3235 82
1205 1206 73
1206 1207 7
1207 177 57
1207 1208 44
1208 1209 94
1209 1210 81
1210 1211 81
1211 1212 69
1212 1213 12
1213 1214 14
1213 4125 69
1214 1215 52
1215 1216 17
1216 1217 80
1216 3866 69
1217 1175 41
1218 1219 32
1219 1220 34
1220 1221 80
1221 1222 64
1221 3591 60
1222 315 54
1222 3640 37
1223 1224 96
1224 729 66
1224 2446 75
1225 1226 21
1226 1227 36
1227 1228 81
1228 1229 77
1229 1230 56
1230 1231 26
1231 1232 72
1232 1233 9
1233 695 60
1233 1234 57
1234 1235 3
1235 1236 33
1235 1273 6
1235 1702 41
1236 1237 76
1237 1238 63
1238 1239 86
1239 1240 63
1240 1241 81
1240 4584 37
1241 1242 98
1242 1243 3
1243 1244 9
1244 1245 81
1245 719 41
1246 318 77
1246 363 59
1247 1248 94
1248 1249 41
1248 3582 47
1249 1250 75
1250 310 74
1251 877 98
1252 1253 81
1253 1254 36
1254 1255 73
1255 1256 1
1256 1257 8
1256 2946 56
1257 1258 67
1258 1259 42
1259 1260 89
1260 1261 82
1261 1262 69
1262 1263 16
1262 1353 97
1263 1264 26
1264 878 10
1264 907 13
1265 1266 37
1266 1267 56
1267 1268 63
1267 3337 44
1268 884 43
1269 1270 22
1270 69 23
1270 77 13
1271 1272 49
1272 698 19
1272 1235 69
1273 75 18
1273 1274 15
1274 75 51
1275 1276 91
1276 898 36
1276 2083 60
1277 1278 70
1278 1279 96
1279 392 4
1279 1280 41
1280 1281 80
1281 904 100
1281 1350 6
1282 1283 92
1282 2477 62
1283 1284 82
1284 1285 53
1285 1286 54
1285 1343 34
1286 1287 30
1287 1288 88
1288 1289 43
1288 1290 54
1289 1290 84
1290 374 21
1290 1291 15
1290 2953 19
1291 1292 45
1292 1293 64
1293 380 30
1294 756 53
1295 1296 65
1296 1297 70
1297 1096 71
1297 1138 6
1297 1298 48
1298 1299 95
1299 1300 88
1300 1301 27
1301 1302 77
1302 1098 24
1303 1304 41
1303 2071 80
1303 2072 91
1303 3474 89
1304 1305 11
1305 1306 72
1306 1307 46
1307 1308 22
1308 1309 71
1309 1310 84
1310 1311 90
1311 1109 56
1311 1312 79
1311 1484 80
1312 1313 7
1313 1314 63
1314 1315 36
1315 1316 88
1315 1929 97
1316 1317 34
1317 1318 89
1318 1319 36
1319 1320 80
1319 1484 94
1320 1321 91
1321 1322 63
1321 4619 66
1322 1323 2
1323 1324 6
1324 1325 8
1325 1326 68
1325 1360 70
1325 1499 35
1326 1327 72
1327 1328 58
1328 1329 99
1329 1133 46
1329 1330 98
1330 1133 19
1330 2041 39
1331 1332 45
1332 1333 73
1333 1334 64
1334 1335 29
1335 1336 65
1336 1337 2
1337 1294 24
1338 877 91
1339 1340 5
1340 1341 2
1341 1342 28
1342 1283 98
1342 1284 93
1343 1344 72
1344 1345 64
1345 1346 2
1346 1265 64
1347 1348 22
1348 662 66
1349 898 22
1349 2090 46
1350 1351 11
1351 1352 96
1352 1261 42
1353 1354 23
1354 1355 13
1355 1356 52
1356 1357 16
1357 913 56
1358 1359 94
1359 1121 39
1360 1361 80
1361 1362 83
1362 1363 9
1363 1364 55
1364 1365 23
1365 1366 8
1366 1367 46
1367 1368 39
1368 1369 45
1369 1370 91
1370 1371 40
1371 1372 55
1372 1373 5
1373 1307 24
1374 748 26
1375 1376 79
1376 751 25
1376 1571 82
1377 1378 31
1378 1379 34
1379 1380 24
1379 4134 95
1379 4622 31
1380 1381 47
1381 1382 88
1382 1383 46
1383 1384 6
1384 1385 17
1385 1386 51
1385 1454 90
1385 1782 39
1385 3536 64
1386 1387 36
1387 1388 98
1388 1389 10
1389 1390 31
1390 1391 25
1391 1392 9
1392 1393 38
1392 2046 75
1393 1394 21
1394 1395 73
1395 1396 94
1396 1397 56
1397 1398 35
1398 1399 62
1399 836 57
1399 1400 7
1400 1401 85
1400 1402 76
1401 1402 83
1402 1403 20
1402 1404 42
1403 1404 33
1403 2204 85
1403 2675 80
1404 1405 80
1405 1162 84
1406 533 68
1406 540 37
1407 537 26
1408 1409 19
1408 1629 38
1409 1410 29
1409 1411 20
1410 1411 78
1411 1412 38
1411 1413 92
1412 1413 57
1413 844 96
1413 1026 61
1413 1414 2
1413 1493 94
1413 3410 33
1414 1415 37
1415 1416 81
1416 1417 76
1417 1418 8
1418 1419 85
1418 3468 75
1419 1420 20
1419 2046 91
1420 1421 77
1420 2066 42
1421 1422 52
1422 1423 30
1423 1424 91
1423 1460 75
1424 1425 73
1425 1426 92
1426 1427 90
1427 1428 88
1428 1429 91
1428 3852 40
1429 1430 94
1430 1431 54
1431 1432 64
1432 1433 82
1433 1434 4
1434 1435 6
1435 1436 77
1435 4154 80
1436 807 96
1437 1438 40
1438 1439 69
1439 749 99
1440 1441 84
1441 1442 40
1442 1443 16
1443 1444 22
1443 4618 94
1444 1445 27
1444 3434 23
1445 1446 39
1446 1447 29
1446 4151 82
1447 1448 100
1448 1449 79
1449 1450 92
1449 1451 24
1450 1451 44
1451 1452 35
1452 1384 44
1452 1453 50
1453 1384 3
1454 1455 8
1455 1456 3
1456 763 42
1457 1458 88
1458 1391 47
1459 779 92
1460 764 38
1460 793 14
1461 1462 1
1462 1463 17
1463 1464 91
1464 1465 63
1465 1466 36
1465 1467 27
1466 1467 11
1467 1468 78
1468 1469 83
1469 1470 61
1470 1449 90
1470 1471 6
1471 1472 75
1472 1473 64
1473 1474 23
1474 1445 96
1474 1475 67
1475 1476 61
1475 4137 39
1476 1477 89
1477 1478 12
1477 3435 46
1478 1440 68
1479 1480 26
1480 1481 68
1481 1482 90
1482 1483 43
1483 1372 64
1484 1485 48
1485 1486 3
1486 1487 18
1487 1488 100
1488 772 24
1488 1931 27
1489 1490 4
1490 1400 49
1491 1492 52
1492 1174 71
1493 1494 37
1494 784 59
1494 2201 68
1495 1496 57
1496 1497 6
1497 1498 32
1498 1109 63
1498 1312 20
1498 1321 76
1499 1500 57
1500 1501 32
1501 1502 96
1501 2287 45
1502 1503 92
1503 1504 4
1504 1505 89
1505 1506 16
1505 1585 51
1506 1507 20
1507 1508 73
1507 2927 92
1508 1479 84
1508 3709 34
1509 101 76
1510 1511 43
1510 4041 70
1511 1512 1
1511 4041 55
1512 105 79
1513 952 86
1513 1607 58
1514 399 34
1514 546 94
1514 2002 91
1515 1516 4
1516 1517 51
1517 1518 34
1518 1519 23
1518 1609 72
1519 1520 12
1520 1521 91
1521 1522 39
1522 140 42
1523 1509 59
1524 1525 48
1525 1526 53
1525 3883 59
1526 1527 80
1527 1528 3
1528 1529 84
1529 1530 91
1529 4592 3
1530 1531 69
1531 1532 23
1531 1858 96
1532 1533 36
1533 1534 9
1533 1833 62
1534 1535 43
1534 1853 95
1535 1536 100
1536 1537 89
1537 1538 79
1538 1539 43
1538 1540 58
1539 1540 42
1540 167 48
1540 4270 70
1541 1542 46
1542 1543 81
1542 3236 14
1543 1544 65
1543 3324 11
1544 1545 62
1545 926 86
1546 619 74
1547 1548 5
1547 3164 63
1548 1549 4
1548 4000 3
1549 1550 70
1550 1551 55
1551 1552 30
1552 174 53
1552 1553 75
1552 2628 50
1553 175 31
1554 1555 45
1554 1556 45
1555 1556 50
1556 1557 19
1556 1851 66
1556 1852 64
1557 1558 53
1558 1559 74
1559 1560 71
1560 1561 32
1561 1562 48
1562 1563 12
1562 3887 70
1562 4122 99
1563 1564 99
1564 1565 4
1564 3867 53
1565 1566 80
1565 3869 54
1566 1567 44
1566 3869 23
1567 1568 89
1568 1569 64
1569 1570 35
1570 1524 51
1570 3870 23
1571 752 41
1572 1573 12
1573 1574 93
1574 1575 52
1575 1576 81
1576 1577 78
1576 3433 17
1577 1578 77
1577 3858 79
1578 1579 21
1579 1580 16
1580 1581 49
1581 1582 99
1582 1583 80
1583 1480 36
1583 1481 58
1584 1116 84
1585 1586 63
1586 1587 3
1587 1588 63
1588 1589 21
1589 1590 71
1590 1591 23
1591 1592 74
1592 1593 42
1592 4624 87
1593 1594 89
1593 3846 18
1594 1595 18
1595 1376 93
1596 1597 99
1597 491 68
1597 1598 50
1598 1599 66
1598 1712 90
1599 1600 33
1600 1601 20
1601 320 82
1602 1603 4
1603 1604 31
1604 1605 29
1605 1606 32
1605 4013 90
1606 1513 53
1607 1608 31
1608 1518 73
1608 4045 65
1609 107 8
1610 1611 96
1611 343 29
1612 1613 82
1613 1614 91
1614 467 11
1615 1616 78
1616 1617 72
1617 1618 37
1618 1619 60
1619 1620 44
1620 1621 41
1620 1622 34
1621 1622 38
1622 1111 94
1622 1120 31
1623 1624 75
1624 1625 94
1624 2203 83
1624 2430 4
1625 1626 62
1626 773 91
1627 1628 63
1628 1405 8
1628 2165 98
1628 2413 52
1629 1630 24
1630 123 91
1630 782 18
1630 2397 41
1631 1632 4
1632 1633 67
1633 1109 84
1634 1635 62
1634 1636 60
1635 1636 46
1636 1637 87
1636 1773 52
1636 1774 66
1637 1638 2
1638 1639 41
1639 1640 10
1640 1615 98
1641 1642 84
1641 2250 51
1641 2740 59
1642 1643 22
1642 1681 76
1643 1644 82
1643 3801 88
1644 1645 72
1645 1646 88
1645 3629 100
1646 1647 5
1647 1648 80
1648 1649 39
1649 1650 1
1649 3593 31
1650 1651 62
1651 1652 19
1651 4006 6
1652 1653 41
1652 1883 29
1653 1654 60
1654 1655 23
1655 1656 99
1656 1657 61
1657 1658 99
1658 1659 36
1659 1660 82
1660 1661 15
1661 1662 68
1661 1893 94
1662 1663 97
1662 1892 62
1663 203 47
1663 1664 39
1663 1892 71
1664 1665 39
1665 1666 77
1666 1667 56
1666 4440 18
1666 4631 72
1667 1668 61
1668 1669 53
1669 1670 59
1670 1671 34
1671 1672 56
1672 1673 66
1672 1902 27
1673 1674 2
1673 1902 35
1674 1675 60
1674 3592 94
1675 1676 49
1676 1677 74
1676 3617 93
1676 3805 94
1677 1678 34
1678 1679 38
1679 1680 4
1679 3618 91
1680 1681 12
1681 1682 95
1681 2776 69
1682 1641 28
1682 2274 99
1683 1684 90
1683 4048 49
1684 1685 80
1685 1686 48
1686 1687 50
1687 1688 32
1688 1689 70
1688 1947 76
1689 1690 99
1690 1691 50
1691 467 37
1691 3497 100
1692 1693 24
1692 2519 44
1693 1694 32
1694 1695 55
1695 1696 62
1696 1697 35
1697 1698 86
1698 1699 68
1698 1962 17
1699 1700 94
1700 1701 5
1701 617 67
1701 1146 54
1702 959 9
1703 1704 24
1703 1705 85
1704 1705 93
1704 1844 68
1705 1706 49
1706 1707 70
1706 1966 31
1706 2565 12
1707 1708 15
1707 1967 91
1708 1709 28
1709 1710 44
1709 3359 5
1710 1711 100
1711 1597 75
1712 1713 96
1713 1714 7
1714 1715 59
1715 327 90
1715 733 59
1716 1717 10
1717 653 90
1717 1718 48
1717 3496 41
1718 1719 19
1719 1720 65
1720 146 76
1721 602 27
1722 1723 90
1723 1724 4
1724 1725 67
1724 2258 13
1725 1726 41
1726 1727 71
1727 1728 77
1728 1729 96
1728 1730 42
1729 1730 87
1730 1731 52
1730 1732 10
1731 1732 88
1731 1753 84
1732 1733 86
1733 1734 91
1733 1735 51
1734 1735 87
1735 0 56
1735 1 82
1736 7 29
1737 45 3
1738 1739 78
1739 1740 63
1739 1741 25
1740 1741 66
1741 1742 73
1741 1743 33
1742 1743 86
1743 1744 29
1743 3624 47
1744 1745 90
1745 1746 79
1746 1747 84
1747 1748 26
1748 1749 66
1748 3634 61
1749 1721 46
1750 1751 79
1751 1752 22
1752 1753 56
1753 1754 21
1753 2404 28
1754 100 74
1754 2897 35
1754 3623 52
1755 1756 76
1756 1757 37
1757 1758 35
1758 1759 2
1759 656 38
1760 1741 11
1760 1761 75
1761 1750 91
1761 2424 57
1762 1763 72
1762 2759 81
1763 1764 36
1764 1765 46
1765 1766 83
1765 2912 26
1766 1767 19
1767 1768 74
1767 1769 13
1768 1769 38
1769 1620 99
1769 1770 6
1770 1620 63
1771 7 18
1772 43 93
1773 1774 40
1774 1775 48
1774 1776 47
1775 1776 4
1776 1777 32
1777 1778 16
1778 1779 40
1779 1780 59
1779 2761 30
1780 1781 46
1780 2761 95
1781 0 100
1781 1762 46
1781 2798 73
1781 2931 76
1781 4178 63
1782 1783 73
1783 1784 74
1784 1785 81
1785 1786 39
1785 3525 98
1786 1787 43
1786 3216 9
1787 1788 4
1788 1789 78
1789 1790 26
1790 1791 35
1790 3438 2
1790 3439 79
1791 1792 83
1792 1793 70
1793 1794 37
1794 1795 79
1795 1796 40
1795 3222 39
1796 1797 22
1797 1798 27
1797 2052 64
1797 3404 78
1798 1799 76
1799 299 25
1799 1800 82
1800 1801 1
1801 1802 62
1802 1019 63
1802 1803 3
1803 1804 49
1804 413 96
1804 2195 85
1804 2587 17
1805 406 38
1806 1807 8
1807 1808 94
1808 1809 85
1808 4617 45
1809 1810 60
1809 2160 22
1810 1811 59
1810 2062 44
1811 1812 69
1811 3414 78
1811 4145 20
1812 1813 58
1813 1814 42
1813 4465 92
1814 1815 65
1815 1816 24
1816 1817 16
1817 1818 73
1818 1819 30
1819 1820 42
1819 3203 16
1820 1821 16
1821 1822 37
1822 1823 58
1822 4146 60
1823 1824 1
1823 3209 53
1824 1825 94
1825 1826 42
1826 1464 30
1826 3536 49
1827 1828 28
1828 1563 99
1828 1829 25
1828 4122 25
1829 1830 75
1830 1831 34
1831 1832 86
1831 1833 39
1832 1560 71
1832 1833 63
1833 1538 30
1833 1834 85
1834 1538 10
1835 1836 79
1835 2443 24
1836 1837 86
1837 1838 1
1838 1839 25
1839 1840 94
1840 923 6
1840 3995 13
1841 1699 66
1842 1843 68
1843 1703 8
1844 963 78
1845 1846 85
1846 1847 5
1847 1848 91
1848 1849 35
1849 1850 92
1849 4002 22
1850 1553 86
1851 1852 35
1852 1561 91
1852 1853 43
1852 1854 99
1853 1854 87
1853 4116 19
1854 1855 22
1854 4593 25
1855 1856 98
1856 1857 77
1857 1858 55
1858 1177 70
1859 1860 9
1860 1175 28
1861 1862 94
1862 1863 69
1862 2243 67
1862 2347 3
1863 1864 39
1864 1865 1
1865 1866 20
1866 1867 19
1867 1868 91
1867 2281 85
1868 1869 40
1868 2245 57
1869 1870 9
1869 4628 33
1870 1871 79
1871 1872 15
1872 1873 88
1873 1874 40
1873 2249 75
1873 2350 21
1874 1875 28
1875 1876 55
1875 2279 89
1875 3562 42
1876 1877 99
1877 1878 43
1877 1879 3
1878 1879 22
1879 1880 5
1879 3754 47
1879 4008 57
1880 1881 10
1881 1882 34
1882 1651 9
1882 1652 62
1882 2788 34
1882 3718 87
1883 1884 5
1883 3594 86
1883 3631 43
1884 1885 43
1885 1886 61
1886 1887 62
1886 1888 21
1886 4443 44
1887 1888 79
1888 1889 88
1889 1890 14
1890 203 64
1890 1891 92
1890 4630 35
1891 1662 16
1891 2322 57
1891 4037 62
1892 1893 13
1893 1894 12
1893 2314 60
1894 1895 52
1895 1896 39
1896 1897 71
1897 1898 25
1898 1899 8
1899 1900 8
1900 1901 85
1901 1672 52
1902 1903 2
1903 1904 90
1904 1905 59
1904 1907 42
1904 2813 91
1904 3630 14
1904 3754 13
1905 1906 56
1905 1907 61
1906 1907 94
1907 1908 73
1907 2357 3
1907 4629 77
1908 1909 44
1909 1910 74
1909 3763 67
1910 1911 52
1910 2247 76
1911 1912 29
1911 2392 33
1912 1913 62
1913 1914 70
1914 1915 4
1915 1916 30
1916 1917 8
1917 1918 93
1918 1919 52
1919 1920 54
1920 1921 93
1921 1922 71
1922 1861 20
1922 1923 73
1923 1861 8
1924 1925 95
1925 1926 6
1926 1927 41
1927 1928 84
1928 1495 63
1929 280 10
1929 1930 8
1929 4649 39
1930 1317 61
1931 1932 72
1932 1933 72
1933 1934 55
1934 1924 48
1935 323 15
1936 1937 24
1937 328 30
1938 1939 90
1939 227 67
1940 1941 88
1941 1942 57
1942 1943 33
1943 1944 71
1944 1945 40
1945 1715 67
1946 227 23
1947 1948 84
1948 1949 61
1949 1950 54
1950 1951 6
1951 1940 92
1952 464 60
1953 1954 87
1954 1955 88
1955 1956 30
1956 1957 43
1957 1958 18
1958 1959 46
1959 1960 57
1960 1697 89
1960 1961 53
1961 1697 55
1961 1708 67
1962 1963 34
1963 1964 61
1963 2566 20
1964 927 32
1965 1705 39
1966 1967 68
1967 1968 77
1968 583 99
1968 1969 15
1969 1970 21
1970 1971 54
1971 1972 8
1971 3545 70
1972 1973 17
1973 1974 23
1974 494 43
1975 1976 8
1976 1977 64
1977 1978 61
1978 1979 48
1979 1980 94
1980 1981 31
1980 1982 18
1981 1982 44
1982 1983 77
1982 1984 15
1983 1984 27
1984 1985 18
1985 1986 35
1985 2124 21
1986 1987 72
1986 1990 93
1987 1988 65
1988 1989 55
1989 1990 67
1990 1991 94
1990 1992 65
1991 1992 76
1992 912 1
1992 1993 13
1993 1994 1
1994 1995 52
1995 1996 77
1996 1997 80
1996 3889 44
1997 1998 78
1997 2129 90
1998 1999 62
1998 3036 86
1999 2000 73
2000 524 35
2001 1070 45
2002 2003 62
2003 2004 64
2003 2107 5
2004 2005 47
2005 2006 89
2006 2007 9
2006 2092 58
2006 2129 31
2006 3792 24
2007 2008 65
2008 2009 75
2008 3890 47
2008 3953 38
2009 2010 82
2010 2011 19
2011 2012 12
2012 2013 93
2012 3935 92
2013 2014 33
2014 2015 24
2014 2018 62
2015 2016 92
2016 2017 62
2017 2018 31
2018 2019 99
2018 3961 70
2019 2020 92
2020 2021 1
2020 2022 80
2021 2022 18
2022 2023 18
2022 2025 15
2023 2024 96
2024 2025 42
2024 2893 37
2024 3663 68
2024 3690 29
2025 2026 54
2025 3952 10
2026 2027 74
2026 2131 82
2027 2028 4
2027 3059 70
2028 2029 17
2029 2030 84
2030 1975 68
2030 3982 86
2031 2032 3
2032 2033 31
2033 2034 58
2034 2035 82
2035 2036 68
2035 2289 11
2036 2037 67
2037 2038 88
2038 2039 72
2039 1329 78
2039 2040 46
2040 1329 65
2041 1101 39
2042 2043 72
2042 3462 48
2043 2044 16
2044 2045 93
2045 1393 12
2045 2046 58
2046 2047 6
2046 3447 54
2047 2048 72
2047 3202 81
2048 1796 41
2048 2049 31
2049 2050 76
2049 2167 21
2050 2051 91
2051 2052 78
2052 2053 99
2052 2054 87
2053 2054 5
2054 273 90
2054 2055 32
2055 273 45
2055 2161 89
2056 287 11
2057 2058 19
2057 2059 20
2058 2059 60
2059 1811 28
2059 2060 10
2060 2061 20
2061 1811 80
2061 2062 17
2061 2167 1
2062 2063 97
2063 2064 54
2064 2065 59
2064 2719 31
2065 2066 94
2066 2067 7
2066 4643 50
2067 2068 55
2068 767 73
2068 2069 61
2069 2070 95
2070 1303 55
2071 2072 34
2072 2073 47
2072 3814 30
2073 2074 72
2074 2075 29
2075 2076 60
2076 2077 42
2077 2078 22
2078 2079 89
2079 1369 67
2079 2031 34
2080 2081 86
2081 617 71
2082 74 30
2083 2084 62
2084 2085 61
2084 2234 9
2085 545 83
2086 423 63
2086 4159 7
2087 2088 79
2088 2089 80
2089 1349 98
2090 1269 88
2091 2092 39
2092 2093 70
2092 2130 84
2093 2094 41
2094 2095 96
2095 2096 67
2096 2097 34
2096 3796 10
2097 2098 58
2098 2099 18
2099 2100 35
2100 2101 54
2101 2102 36
2102 2103 59
2103 2104 94
2103 3040 44
2104 2105 94
2105 2106 67
2106 2000 52
2107 2108 41
2108 2109 95
2108 3055 38
2109 2110 75
2110 2111 13
2111 2112 98
2112 2113 52
2112 3785 96
2113 2114 18
2114 2115 93
2115 507 93
2115 3786 38
2116 2117 31
2117 2118 14
2118 2091 97
2119 2120 11
2120 2121 90
2121 2122 29
2122 2123 10
2123 1979 87
2123 2027 45
2124 2125 41
2124 3928 83
2125 2126 70
2125 2127 21
2126 2007 94
2126 2127 93
2127 1998 63
2128 1514 15
2129 2092 28
2130 2019 8
2131 2132 95
2132 2133 6
2132 2134 14
2133 2134 12
2134 2135 14
2134 2218 94
2135 2136 65
2136 2137 4
2137 2138 96
2137 2216 63
2138 2139 82
2139 2140 47
2140 2141 10
2141 2142 49
2142 2143 69
2143 2144 25
2144 2119 12
2144 2135 55
2145 2146 36
2146 2147 28
2147 985 34
2147 2832 41
2148 2149 63
2148 2831 28
2148 2847 78
2148 3010 18
2148 4485 41
2149 285 43
2150 410 1
2151 2152 1
2152 2153 59
2152 2706 77
2153 2145 55
2154 2155 36
2155 2156 31
2156 2157 32
2157 2158 96
2157 3705 38
2158 2159 24
2159 256 23
2160 2051 28
2161 2162 30
2162 1162 12
2162 1629 12
2162 2675 55
2163 2164 81
2164 780 54
2165 2166 94
2166 288 22
2166 2057 86
2167 1799 29
2168 2169 44
2169 2170 1
2170 2171 56
2171 2172 72
2172 2173 71
2173 2174 53
2174 2154 76
2175 2176 32
2176 2177 41
2177 2178 35
2178 2179 41
2179 2180 87
2180 2181 35
2181 1147 49
2182 1156 40
2183 2184 66
2184 2185 97
2185 2186 13
2186 2187 63
2187 2188 53
2188 739 32
2189 2190 88
2190 2191 65
2191 2192 58
2192 2193 49
2192 2194 57
2193 2194 71
2194 269 51
2194 848 83
2194 1804 2
2194 4158 94
2195 2196 100
2196 2197 33
2197 831 45
2198 2199 32
2199 2200 76
2200 1410 5
2201 2202 51
2202 1496 27
2203 1487 67
2204 2205 39
2205 2206 2
2206 847 24
2207 2208 44
2208 2209 42
2209 411 81
2210 2211 96
2211 2212 19
2211 4034 60
2212 2213 64
2212 4034 29
2213 2214 30
2213 4517 89
2214 2215 55
2215 2189 14
2216 2217 80
2217 2218 70
2217 2219 67
2218 2219 80
2218 2220 78
2219 2220 38
2219 3978 3
2220 2221 16
2221 2222 93
2221 2223 24
2222 2223 73
2223 2224 49
2223 2225 24
2224 2216 54
2224 2225 49
2224 3975 96
2225 2226 98
2226 2227 9
2226 2895 9
2227 2228 12
2228 2229 94
2229 2230 66
2230 2231 82
2231 662 3
2231 2232 11
2231 2234 29
2232 662 57
2232 1349 6
2232 3974 66
2233 699 24
2234 2235 70
2234 2886 16
2235 2236 54
2236 2237 6
2236 2238 85
2237 2238 79
2237 3955 46
2238 2239 41
2239 2240 34
2240 2241 86
2240 2242 1
2240 2888 69
2241 2242 95
2242 2139 34
2242 2224 86
2242 2226 49
2243 2244 82
2244 1868 33
2245 2246 57
2246 1910 11
2246 2811 73
2247 2248 83
2248 2249 2
2248 2777 7
2249 1641 36
2250 2251 61
2251 2252 72
2252 2253 28
2252 2745 38
2252 3807 44
2253 2254 69
2254 2255 34
2255 2256 96
2256 2257 72
2257 2258 4
2257 3621 43
2258 2259 12
2259 2260 80
2259 3602 35
2260 98 13
2261 144 94
2262 2263 31
2262 2318 62
2262 2319 35
2263 2264 59
2264 2265 27
2265 1747 7
2265 2266 92
2266 2267 44
2266 3607 89
2267 2268 28
2268 2269 20
2269 2270 85
2270 2271 25
2271 2272 94
2272 2273 36
2273 1681 25
2274 2275 95
2274 2777 83
2275 2276 68
2276 2277 28
2277 2278 6
2278 1875 47
2278 2811 87
2279 2280 90
2279 4627 41
2280 1867 38
2281 1922 51
2282 2283 60
2283 2284 79
2284 2285 57
2285 2286 78
2286 2076 4
2287 2288 43
2288 2032 1
2289 2290 12
2290 2291 26
2291 2292 44
2292 2293 96
2293 2294 17
2293 2926 16
2294 2282 5
2295 2296 7
2296 2297 69
2297 2298 42
2298 2299 36
2299 2300 99
2300 2301 26
2301 2302 14
2302 2303 24
2303 2304 13
2304 2305 19
2305 2306 58
2306 2307 97
2307 2308 40
2308 2309 87
2308 3568 95
2308 3569 47
2309 2310 44
2310 2311 23
2311 2312 12
2312 2313 81
2313 201 56
2313 4568 59
2314 2315 48
2314 2316 71
2315 2316 91
2316 96 74
2316 97 28
2317 144 14
2318 2319 55
2318 3603 97
2319 2320 73
2319 2321 51
2320 2321 42
2321 1890 42
2322 2323 47
2323 2324 26
2323 2374 14
2324 2325 25
2324 4569 30
2325 2326 96
2325 4357 4
2326 2327 95
2327 2328 94
2328 2329 68
2329 2330 88
2330 2331 41
2331 2332 80
2332 2333 42
2332 3578 26
2333 2334 35
2334 2335 61
2334 2336 1
2335 2336 8
2336 2337 22
2337 2338 93
2337 4635 94
2337 4686 18
2338 2339 18
2339 2340 4
2340 2341 44
2341 2342 94
2342 2343 40
2343 2295 12
2343 3803 26
2344 2345 29
2344 2782 79
2345 2346 49
2345 2734 51
2346 1922 93
2346 2347 45
2347 2348 55
2348 2349 24
2349 1873 54
2350 2351 37
2351 2352 48
2352 2353 47
2352 2789 27
2353 2354 62
2353 2812 5
2354 2355 39
2355 2356 72
2356 2357 87
2356 3614 6
2357 2358 100
2358 2359 57
2359 2360 29
2359 3728 68
2360 2361 52
2361 2362 20
2362 2363 92
2363 2364 67
2364 2365 18
2365 2366 47
2365 2367 94
2366 2367 88
2366 2376 22
2367 2368 13
2368 2369 68
2368 2370 100
2369 2370 45
2370 2371 98
2370 2372 2
2371 2372 29
2372 1663 43
2372 2373 5
2372 3758 69
2372 3778 69
2372 4356 42
2372 4391 97
2372 4413 63
2372 4445 21
2373 2323 45
2374 2375 19
2374 4019 26
2375 2376 20
2375 3759 85
2376 2377 75
2376 2378 85
2376 3575 60
2376 3779 50
2377 2378 15
2377 3716 96
2378 2379 4
2378 3576 33
2379 2380 52
2380 2381 38
2381 2382 15
2382 2383 64
2383 2384 52
2383 2783 20
2384 1877 91
2384 2385 18
2385 2386 84
2386 2387 19
2387 2388 85
2388 2389 53
2388 2789 87
2389 2390 70
2390 2391 49
2391 1911 38
2391 3616 98
2391 3617 25
2392 2393 69
2393 2394 28
2394 2395 49
2395 2396 94
2396 2344 83
2397 2398 72
2398 2399 70
2399 1633 94
2400 2401 78
2401 2402 15
2402 2403 5
2403 92 85
2404 2405 44
2405 242 96
2405 2406 12
2406 2407 94
2407 348 93
2408 2409 99
2409 2410 91
2410 2411 100
2411 615 91
2412 533 94
2412 1173 75
2413 1162 50
2414 2415 75
2415 72 15
2416 2417 74
2417 2418 70
2418 2419 19
2419 330 66
2420 2421 34
2421 2422 39
2422 2423 12
2422 4040 53
2423 1760 64
2424 2425 9
2424 2898 50
2425 2426 89
2426 2427 46
2427 2428 32
2428 2429 21
2429 0 7
2430 2431 72
2431 2432 69
2432 1627 22
2433 2434 59
2434 2435 58
2435 2436 48
2435 2437 83
2436 2437 39
2437 2438 23
2437 3157 24
2438 2439 7
2438 3156 7
2439 2440 90
2440 2441 57
2441 2442 46
2442 168 52
2443 2444 24
2444 973 19
2445 1224 51
2446 2447 98
2447 2448 37
2448 2449 92
2449 202 7
2450 252 11
2451 2452 14
2452 2453 52
2453 677 81
2453 2454 45
2454 1246 44
2455 2456 42
2456 2457 46
2457 2458 79
2458 1850 50
2459 2460 6
2460 2433 15
2461 2462 86
2462 2463 28
2463 2464 25
2463 2933 5
2464 2465 57
2464 2933 18
2465 2466 28
2466 2467 56
2467 2468 3
2468 2469 87
2469 2470 69
2469 3693 99
2470 2471 80
2471 2472 12
2472 374 90
2473 2474 59
2473 2951 91
2473 3933 76
2474 2475 11
2475 2476 33
2476 879 90
2476 1282 97
2477 2478 51
2478 2479 13
2479 2480 23
2480 2481 30
2481 2482 73
2482 2483 37
2483 2484 78
2484 2485 54
2485 2486 77
2486 686 71
2487 2488 86
2488 2489 53
2489 2490 52
2490 2491 98
2491 2492 52
2492 2493 2
2493 2494 36
2494 2495 94
2495 2496 73
2496 1264 17
2497 2498 17
2497 2950 29
2498 2499 12
2499 442 26
2499 877 39
2500 2501 97
2500 3694 40
2501 2502 45
2502 2503 57
2503 2504 27
2504 2505 3
2505 2506 59
2505 3661 89
2506 2507 22
2507 2508 87
2508 2509 9
2509 2510 78
2510 2511 29
2510 4489 80
2511 2512 48
2512 2461 50
2512 2935 81
2513 2514 46
2514 2515 29
2515 2516 63
2516 2517 27
2516 2882 20
2517 2518 78
2518 456 92
2519 2520 48
2520 2521 86
2521 2522 32
2522 29 7
2523 615 85
2523 632 55
2524 2525 70
2525 485 10
2525 630 57
2526 2527 22
2526 3386 46
2527 24 66
2528 2529 17
2529 1710 61
2530 2531 98
2530 2532 36
2531 2532 91
2532 2515 78
2532 2533 50
2533 2513 6
2533 2515 87
2534 2535 89
2535 2536 76
2536 2537 44
2537 2538 78
2538 2539 31
2539 2540 88
2539 3303 56
2540 2541 83
2541 2542 54
2542 2543 1
2543 2544 55
2544 2545 90
2545 2546 89
2546 462 16
2546 463 9
2547 615 11
2548 2549 41
2549 2550 100
2550 2551 98
2551 2552 8
2552 2553 55
2553 2554 5
2554 2555 38
2555 2556 86
2556 2557 100
2557 2558 93
2557 3484 14
2558 2559 13
2559 2534 83
2560 2561 84
2561 2562 52
2562 2563 30
2563 6 38
2564 1965 34
2565 1698 1
2566 32 65
2567 1117 84
2567 2568 58
2568 2569 69
2569 2570 11
2570 2571 69
2571 2572 9
2572 2560 42
2573 45 33
2574 2575 38
2575 2576 85
2576 2577 100
2577 2578 2
2578 983 70
2579 2580 84
2580 2581 57
2581 2582 93
2582 2583 41
2583 2584 88
2583 3392 13
2584 2585 11
2585 1009 21
2585 2586 36
2586 825 64
2587 2209 16
2588 2589 98
2589 2590 78
2589 2657 75
2590 2591 35
2591 2592 54
2592 2593 34
2592 3424 79
2593 2594 87
2594 2595 25
2595 995 35
2596 2597 76
2597 2598 50
2598 2574 13
2599 2600 85
2599 2605 25
2600 2601 93
2601 2602 5
2602 2603 23
2603 2604 56
2604 2605 14
2605 2606 63
2605 2608 74
2606 2607 85
2607 2608 61
2608 2609 23
2609 2610 54
2610 2611 98
2611 2612 23
2612 2613 51
2613 2614 38
2614 2615 18
2615 2616 7
2616 2617 32
2617 2618 98
2617 2619 6
2618 2619 37
2619 1214 58
2619 2620 100
2619 3863 91
2619 3864 99
2620 2621 86
2620 3116 48
2621 2622 85
2622 2623 93
2623 2624 26
2624 2625 97
2625 2626 56
2625 2627 29
2626 2627 39
2627 174 43
2627 1541 29
2628 2629 96
2629 2630 43
2630 2631 38
2631 2632 7
2632 2633 68
2632 3064 54
2632 3117 94
2633 2634 6
2634 2635 47
2635 2636 10
2635 3132 25
2635 4271 55
2636 2637 66
2636 3888 40
2637 2638 7
2638 2639 10
2639 2640 93
2639 2641 100
2640 2641 76
2641 2642 37
2642 2643 62
2643 2644 48
2644 2645 19
2645 2646 14
2646 2647 28
2647 2648 13
2647 2649 97
2648 2649 10
2649 2599 42
2649 2650 31
2650 2651 91
2651 2652 35
2652 2653 16
2653 2654 87
2654 2655 24
2655 2599 67
2656 1038 45
2657 2658 37
2658 2659 38
2659 2660 17
2660 2661 94
2661 2662 50
2662 2663 72
2663 2664 45
2664 2665 78
2665 259 86
2665 3393 1
2666 2667 91
2667 2668 86
2668 2669 26
2669 261 19
2670 2671 69
2671 2672 7
2672 2673 30
2673 267 9
2674 2161 42
2675 1410 26
2675 2166 37
2676 2677 81
2677 2678 17
2678 2679 71
2679 2680 85
2680 2681 48
2681 2682 29
2682 2683 37
2683 2684 5
2684 303 1
2685 2686 24
2686 2687 65
2687 2688 12
2687 2720 41
2688 2689 51
2689 2690 5
2689 2691 84
2690 2691 67
2691 2692 42
2691 4615 71
2692 2693 46
2693 2585 7
2693 2590 89
2694 2695 57
2695 2696 8
2696 2697 67
2696 2700 58
2697 2698 79
2698 2699 100
2699 2700 75
2700 2701 56
2700 2716 92
2701 2702 91
2702 2703 33
2703 2704 59
2704 2705 97
2705 2153 18
2706 2707 91
2707 2708 68
2708 2709 8
2709 2710 35
2710 2711 47
2711 2712 63
2712 2713 3
2713 2714 40
2714 2715 27
2715 2716 96
2716 2717 7
2717 2718 15
2718 979 51
2718 1000 87
2719 1421 80
2719 2047 77
2720 2721 23
2721 2722 80
2722 2723 2
2723 2724 13
2723 3530 77
2724 2725 65
2725 2726 58
2726 852 71
2727 2728 39
2728 2729 13
2729 2730 45
2729 3532 62
2730 2662 81
2731 2732 1
2732 2733 44
2733 2345 57
2734 2735 62
2735 2736 48
2736 2737 40
2737 2738 9
2738 2739 91
2739 2249 53
2739 2276 80
2740 2741 19
2741 2742 20
2742 2743 8
2743 2744 85
2744 2745 48
2745 2746 78
2746 2747 76
2747 2748 14
2747 3800 10
2748 2749 72
2749 2750 43
2749 2751 40
2750 2751 37
2751 2752 22
2752 2753 2
2752 2902 35
2753 2754 30
2753 2755 59
2754 2755 37
2755 2756 70
2756 1764 98
2756 1781 5
2757 2758 99
2758 2759 3
2759 53 6
2759 2761 39
2759 2800 33
2760 2761 66
2761 2762 17
2761 2763 82
2762 2763 80
2763 2764 24
2763 2765 28
2764 2765 72
2765 2766 14
2765 2907 83
2766 2767 41
2767 2750 17
2767 2768 89
2767 2928 20
2768 2769 90
2769 2770 14
2770 2771 60
2771 2772 52
2772 2773 72
2773 2774 84
2773 2775 65
2774 2775 39
2775 1642 13
2775 1681 85
2776 1682 60
2776 2350 2
2777 2778 75
2777 2790 34
2778 2779 60
2779 2780 15
2780 2781 50
2781 2346 96
2781 2396 23
2782 2731 42
2783 2784 17
2784 2785 78
2785 2786 53
2785 2787 66
2786 2787 92
2787 1880 39
2787 3630 11
2788 2388 68
2789 1875 56
2789 1910 88
2789 2279 25
2790 2791 23
2791 2792 40
2792 2793 42
2793 2794 49
2794 2795 5
2795 2796 35
2796 2797 69
2797 1781 42
2798 3 73
2798 2799 69
2799 2759 75
2800 1763 77
2800 2801 38
2801 2802 34
2802 2803 42
2803 2804 46
2804 2805 19
2804 4247 16
2805 2806 75
2806 2807 53
2807 2808 47
2808 2809 57
2809 2810 25
2810 2738 67
2811 2353 82
2811 2389 45
2812 1902 41
2813 2814 35
2814 2815 97
2815 2381 77
2815 3714 28
2816 2817 6
2817 2818 19
2818 2819 92
2819 2820 42
2820 2821 66
2821 2822 92
2821 2823 72
2822 2823 60
2823 2824 1
2824 2825 18
2824 4606 17
2825 2826 44
2826 2827 25
2827 2828 65
2828 2829 6
2829 2830 58
2830 985 3
2830 3547 67
2831 285 76
2832 2833 47
2832 2834 33
2833 2834 90
2834 2835 47
2835 2836 46
2835 4609 4
2836 2837 53
2837 2838 2
2838 2825 27
2838 2839 54
2839 2840 85
2840 2841 50
2841 2842 51
2842 2843 6
2843 2844 47
2844 2845 26
2845 2816 71
2846 981 37
2846 982 96
2846 998 94
2847 869 24
2848 2849 33
2849 2850 57
2850 2851 97
2851 2852 11
2852 2853 77
2853 2854 93
2854 2855 51
2855 2856 91
2856 2857 96
2857 2858 53
2857 4582 51
2858 2859 16
2859 2860 37
2860 2861 62
2861 2862 61
2862 2863 85
2863 2864 30
2863 3511 35
2864 2865 51
2865 2866 83
2866 2867 7
2867 2868 37
2868 2869 85
2869 2870 91
2870 2871 18
2871 320 83
2872 359 67
2873 2874 17
2874 2875 89
2875 2876 26
2876 2877 2
2877 2878 11
2878 2879 51
2879 2880 83
2879 3305 22
2879 3483 94
2880 2881 39
2880 3510 55
2880 4320 94
2881 2532 96
2882 2883 81
2883 2884 39
2883 4585 68
2884 2885 21
2885 2848 46
2886 2887 84
2887 2240 66
2888 2889 97
2889 2890 34
2890 2891 91
2891 2892 33
2892 2024 90
2893 2894 40
2894 2242 84
2895 2896 18
2896 2231 30
2897 1760 54
2898 2899 80
2899 2900 14
2899 3711 1
2900 2901 53
2901 2753 46
2901 2766 62
2902 2903 52
2903 2904 19
2904 2905 64
2905 2753 14
2905 2906 8
2906 2907 55
2907 2908 77
2908 2909 18
2908 3710 12
2909 92 30
2910 2911 65
2911 2912 67
2912 2913 32
2913 2914 43
2913 4179 99
2914 2915 23
2915 2916 56
2916 2917 88
2917 2293 58
2917 2918 59
2918 2919 65
2919 2920 63
2920 2921 11
2921 2910 47
2921 4178 66
2921 4216 81
2922 2923 66
2923 2924 47
2924 2925 41
2924 3696 98
2925 2914 43
2926 1507 65
2927 756 95
2927 3521 85
2928 2929 71
2929 2930 16
2930 2751 1
2931 2932 7
2932 1779 7
2933 2510 3
2933 2934 97
2934 2510 34
2935 2936 12
2936 2937 68
2937 2938 16
2937 3149 46
2937 4594 76
2938 2939 55
2939 190 49
2940 2941 20
2941 153 80
2942 2943 89
2943 2472 22
2943 2944 93
2944 2945 98
2945 1256 98
2946 2947 10
2947 2499 53
2947 2948 72
2948 2475 59
2948 3876 23
2949 904 60
2950 2951 98
2951 1342 100
2951 2952 100
2952 1290 21
2952 3877 21
2952 3878 37
2953 2954 85
2954 2955 13
2955 2956 16
2956 193 54
2956 195 86
2957 2958 42
2958 158 100
2958 160 68
2958 2959 9
2959 2960 45
2960 2961 70
2961 2962 82
2962 2963 80
2962 3183 9
2963 2462 8
2964 2965 60
2964 3102 7
2965 2966 50
2966 2967 76
2967 2968 27
2968 2969 25
2969 2970 8
2969 2976 75
2969 4454 85
2970 2971 29
2971 2972 47
2972 2973 46
2972 3322 82
2973 2974 15
2974 2975 50
2975 2976 69
2976 2977 39
2976 3113 8
2976 3350 94
2976 3384 5
2976 4089 6
2977 2978 98
2978 2979 18
2978 3584 56
2979 2980 42
2980 2981 44
2981 2982 34
2982 2983 98
2982 3134 80
2983 2984 37
2983 3291 56
2984 2985 34
2984 3323 55
2984 3377 31
2985 2986 53
2985 3378 5
2986 2987 80
2987 2988 89
2988 2989 71
2988 4449 55
2988 4453 73
2989 2990 77
2990 2964 2
2991 2992 16
2991 2994 87
2991 4468 32
2991 4533 81
2992 2993 76
2993 1051 61
2994 2995 15
2995 2996 39
2995 3048 58
2996 2997 91
2997 2998 39
2998 2999 82
2999 3000 48
3000 3001 43
3001 3002 19
3002 3003 71
3002 3281 32
3003 3004 62
3004 3005 20
3005 3006 82
3006 3007 91
3007 3008 34
3007 4100 73
3008 3009 64
3008 4029 3
3009 401 3
3010 1070 29
3011 3012 22
3012 419 99
3013 3014 48
3013 4030 46
3014 3015 7
3015 3016 23
3015 3333 87
3015 4100 95
3016 3017 78
3017 3018 45
3018 3019 84
3019 3020 48
3020 3021 41
3020 3045 86
3021 3022 65
3022 3023 24
3022 3285 38
3023 3024 54
3024 3025 69
3024 3026 31
3025 3026 56
3026 1053 67
3026 1086 59
3027 3028 13
3028 2991 57
3029 3030 19
3030 3031 2
3031 3032 43
3032 3033 77
3033 3034 7
3034 3035 3
3035 1978 85
3036 3037 24
3037 3038 71
3038 3039 13
3039 3040 51
3039 3282 76
3040 3041 12
3041 3042 51
3042 3043 96
3043 3044 89
3043 3963 21
3044 3045 2
3044 3283 84
3045 3046 99
3046 3024 93
3047 508 49
3047 2991 85
3048 3049 46
3049 1081 88
3049 3283 63
3050 3051 44
3051 3052 59
3052 3053 60
3052 3957 72
3053 3054 17
3054 3055 73
3054 3282 33
3055 3056 42
3056 3057 84
3056 4477 89
3056 4478 16
3057 3058 77
3058 2005 17
3059 3060 99
3060 3061 40
3060 3936 84
3061 3062 6
3062 3063 98
3063 3029 47
3064 3065 70
3065 3066 76
3066 3067 18
3066 3369 88
3067 3068 21
3068 3069 31
3069 3070 43
3069 4109 36
3070 3071 90
3071 3072 74
3071 3314 81
3072 3073 74
3073 3074 78
3074 3075 87
3075 3076 82
3076 3077 86
3077 3078 23
3078 3079 46
3079 3080 80
3079 4285 86
3079 4494 14
3080 3081 36
3081 3082 36
3082 3083 84
3083 3084 87
3083 4286 97
3083 4495 49
3084 3085 86
3085 3086 53
3086 3087 22
3087 3088 61
3088 3089 83
3089 3090 37
3090 3091 89
3090 3298 20
3091 3092 37
3092 3093 93
3093 3094 66
3094 3095 79
3095 2622 99
3096 3097 97
3097 3098 87
3098 3099 12
3098 4095 77
3099 3100 48
3100 3101 22
3101 2964 3
3101 3102 46
3102 3103 3
3103 3104 65
3103 3584 40
3104 3105 73
3105 3106 58
3105 3107 71
3106 3107 21
3107 3108 55
3107 3319 60
3108 3109 81
3108 3319 99
3109 3110 92
3110 3111 61
3111 3112 11
3112 2976 92
3113 3114 68
3113 4126 34
3114 3115 76
3114 3382 37
3115 2619 100
3116 3117 76
3117 3118 91
3117 4591 77
3118 3119 57
3119 3120 73
3120 3121 4
3121 3122 87
3122 3123 68
3123 172 16
3124 3125 43
3125 3126 96
3126 3127 67
3127 3128 57
3128 3129 87
3129 3130 38
3130 3131 99
3131 2634 27
3132 3113 65
3132 3133 86
3133 2978 66
3133 3371 9
3134 3135 41
3135 3136 61
3135 3138 15
3136 3137 55
3136 4090 13
3136 4091 53
3137 3138 39
3138 3139 7
3139 3140 26
3139 3293 31
3140 3141 50
3141 2964 80
3141 3142 80
3141 3143 14
3142 3143 39
3143 3144 18
3143 3381 22
3143 4079 46
3144 3145 92
3145 3146 70
3146 3147 40
3146 4084 9
3146 4085 66
3147 3096 63
3148 2936 74
3149 3150 82
3150 150 71
3151 2958 48
3152 3153 54
3153 3154 9
3153 3155 9
3154 3155 16
3155 2434 30
3155 3873 67
3156 3157 90
3157 3158 64
3158 3159 72
3159 3160 42
3160 3161 60
3161 3162 32
3162 1545 73
3163 619 15
3164 3165 67
3164 3249 89
3165 3166 71
3166 3167 69
3167 3168 100
3168 3169 56
3169 3170 51
3170 3171 45
3170 3172 37
3171 3172 79
3172 3173 7
3172 3174 28
3173 3174 14
3174 3175 24
3175 3176 72
3176 3177 28
3177 3178 74
3177 3179 62
3178 3179 74
3179 3180 35
3180 188 3
3180 190 88
3180 3880 18
3181 3182 64
3182 2961 54
3183 3148 27
3184 3185 96
3185 454 96
3185 455 14
3186 3187 7
3187 3188 71
3188 3189 60
3189 3190 6
3189 4321 97
3190 3191 34
3191 313 24
3192 252 53
3193 3194 80
3194 3195 20
3195 3196 27
3196 3197 94
3197 3198 86
3198 502 66
3198 3479 72
3199 3200 45
3200 3184 8
3200 3201 72
3201 3184 88
3202 1814 100
3203 3204 20
3204 3205 97
3205 3206 16
3206 3207 53
3207 3208 93
3208 1823 54
3209 3210 58
3210 3211 91
3210 3453 60
3211 3212 58
3211 3453 87
3212 3213 10
3213 3214 66
3214 3215 87
3215 1785 20
3215 1786 60
3216 3217 14
3217 3218 36
3218 3219 29
3219 3220 2
3220 3221 69
3221 1789 70
3222 2064 57
3223 3224 32
3224 3225 79
3225 3226 75
3226 179 96
3227 3228 44
3228 3229 75
3229 3230 17
3230 3231 25
3231 3232 12
3232 3233 86
3233 3234 23
3234 1204 72
3235 1551 58
3236 3237 96
3237 3238 75
3238 3239 39
3239 3240 84
3240 3241 59
3241 3242 96
3242 3243 23
3243 3244 84
3244 3245 32
3245 3246 4
3246 3247 33
3247 3248 1
3248 3223 91
3249 3250 81
3250 3251 9
3251 703 6
3252 3253 3
3253 3254 59
3254 3255 19
3255 3256 58
3256 3257 62
3257 3258 21
3257 3270 29
3257 3326 57
3258 3259 14
3259 3260 33
3260 3261 93
3261 3262 83
3262 3263 68
3263 3264 21
3264 3265 59
3265 3266 75
3266 3267 88
3267 3268 95
3268 3269 84
3269 3270 65
3270 3271 65
3271 3272 15
3272 3273 47
3273 3274 91
3274 3275 26
3275 682 56
3275 1201 64
3276 3277 68
3277 3278 93
3278 3279 32
3279 3280 20
3280 926 81
3281 1081 19
3282 523 29
3283 3003 49
3283 3284 21
3284 3021 80
3285 3286 92
3286 2998 67
3287 3288 88
3287 3341 9
3287 3344 27
3288 3289 26
3289 3290 60
3290 2984 19
3290 3291 21
3290 3292 36
3291 3292 15
3292 3135 57
3292 3136 48
3293 3294 57
3294 3295 35
3295 3296 61
3296 3297 52
3297 3088 9
3298 3299 79
3299 3300 95
3300 3301 90
3301 3302 25
3301 3487 77
3302 2540 95
3302 3303 91
3303 3304 90
3304 2880 73
3304 3305 20
3304 4108 2
3305 3306 3
3305 3510 45
3306 3307 24
3307 3308 40
3308 2555 10
3308 3309 28
3309 3310 38
3310 3311 87
3311 3312 17
3312 3313 28
3313 3069 70
3314 3315 24
3314 3541 100
3315 3316 15
3316 3317 16
3317 3318 45
3318 3104 37
3319 2984 70
3319 3320 79
3320 3321 77
3321 2972 59
3321 3347 53
3322 3323 47
3323 3287 38
3323 4688 16
3324 3325 89
3325 1192 17
3326 3327 89
3327 1279 83
3328 3329 75
3329 3330 34
3329 4028 16
3330 3331 57
3331 3332 57
3332 3333 63
3333 3334 17
3334 3335 25
3334 4027 30
3335 425 43
3336 1267 85
3337 3338 73
3338 3270 50
3339 3340 97
3340 1550 27
3341 3342 83
3342 3343 3
3343 3344 76
3344 3345 17
3345 3346 66
3346 3292 53
3346 3320 60
3347 3348 56
3348 3349 18
3349 2974 45
3350 3351 55
3351 3352 44
3352 3353 25
3353 3354 100
3354 3355 23
3354 3992 22
3355 3356 34
3356 975 14
3357 3358 18
3357 3542 94
3358 3359 74
3358 4588 61
3359 3360 76
3359 3385 75
3359 3543 86
3360 585 2
3361 3362 23
3362 3363 9
3363 3364 96
3363 3365 27
3363 3370 21
3364 3365 92
3365 3366 89
3366 3367 30
3367 3066 73
3367 3368 78
3368 3066 94
3368 3991 9
3369 3370 55
3370 3133 23
3370 4271 77
3371 3372 38
3372 3373 17
3373 3374 4
3373 3387 91
3374 3375 13
3375 3376 90
3376 3289 54
3377 2985 80
3378 3379 100
3379 3380 23
3380 3322 3
3381 3101 3
3382 3383 70
3383 3384 55
3384 3358 30
3384 4450 35
3385 3386 39
3386 3363 75
3386 4271 27
3387 3289 64
3388 3389 35
3389 3390 73
3390 3391 49
3391 2583 54
3392 2657 4
3393 3394 8
3394 3395 19
3395 3396 34
3396 3397 38
3397 3398 96
3398 3399 80
3398 3534 62
3399 3400 45
3400 3401 60
3401 3402 62
3402 3403 8
3403 1797 77
3404 3405 73
3405 3406 46
3406 3407 93
3407 3408 73
3408 3409 29
3409 1400 97
3410 3411 12
3411 3412 36
3412 3413 36
3413 2061 30
3414 3415 17
3415 3416 33
3416 3417 57
3417 3418 59
3418 3419 50
3419 3420 21
3420 3421 97
3421 3422 25
3421 4144 21
3422 3423 27
3423 258 7
3424 3425 84
3425 3426 46
3426 3427 75
3427 858 92
3428 3429 89
3429 802 39
3430 3431 65
3431 3432 5
3432 1575 78
3433 1376 54
3434 1474 43
3435 3436 5
3436 3437 24
3437 3213 53
3437 3214 26
3438 3439 12
3439 3440 43
3439 3441 25
3440 3441 50
3441 3442 36
3442 2047 91
3442 3443 47
3443 2065 29
3443 3444 56
3444 3445 5
3445 3446 42
3446 1396 10
3447 3448 82
3448 3449 80
3449 3450 3
3449 3451 84
3450 3451 93
3451 3452 33
3452 1818 13
3453 3454 100
3454 3455 62
3455 1440 48
3455 1441 6
3456 3457 91
3457 3458 70
3458 3459 60
3459 3460 29
3460 3461 40
3461 1329 29
3462 3463 81
3463 3464 72
3464 3465 79
3465 3466 41
3466 3467 57
3467 1395 49
3468 3469 45
3469 3470 46
3470 3471 26
3471 3472 11
3472 3473 99
3473 2069 17
3474 3475 81
3475 3476 16
3476 3477 65
3477 3456 27
3478 3479 73
3479 3480 80
3480 3481 94
3481 3482 83
3482 2879 6
3483 3307 37
3484 3485 34
3485 3302 6
3485 3486 88
3486 3487 33
3487 3488 39
3488 3489 66
3489 3490 65
3490 3491 19
3491 3492 100
3492 3493 33
3493 3494 9
3494 576 97
3494 3495 39
3495 465 79
3496 1685 39
3497 493 46
3498 3499 60
3499 3500 70
3500 3501 45
3501 3502 63
3502 3503 70
3503 3504 50
3504 3505 19
3505 3506 68
3506 3310 59
3506 3507 44
3507 3508 62
3508 3509 4
3509 2537 91
3510 2863 87
3511 3512 27
3512 3513 4
3513 3514 5
3514 3186 1
3514 3478 69
3515 3516 24
3516 3517 48
3517 1092 97
3518 3519 67
3519 3520 31
3520 3521 66
3520 3808 53
3521 3522 1
3522 3523 18
3523 3524 74
3524 1428 87
3524 1782 69
3525 3526 98
3526 3527 80
3527 3419 25
3528 3529 29
3529 2721 61
3530 3531 59
3531 2727 26
3532 259 68
3532 3533 13
3533 3393 35
3534 3535 53
3535 1822 70
3536 3537 63
3537 3538 71
3538 3539 12
3539 803 36
3539 1295 91
3539 3707 12
3540 3515 65
3541 3296 51
3542 1957 61
3543 3544 46
3544 1966 68
3545 3546 55
3546 587 88
3547 3548 18
3548 3549 66
3549 1004 43
3549 1048 89
3550 3551 74
3551 822 16
3551 3552 80
3552 3553 38
3553 1009 89
3554 3555 70
3555 3556 87
3556 3557 31
3556 4612 10
3557 1003 41
3558 3559 22
3559 3560 20
3560 3561 82
3561 814 27
3561 2151 21
3561 2832 12
3562 3563 55
3563 3564 94
3564 3565 85
3565 3566 58
3566 3567 100
3567 2306 37
3568 3569 30
3569 3570 51
3570 3571 58
3570 3572 6
3571 3572 66
3572 2365 35
3572 3573 50
3573 2367 95
3573 3759 93
3574 144 71
3575 3576 20
3576 3577 18
3577 2329 14
3577 2330 54
3578 3579 18
3579 3580 78
3580 3581 61
3581 2384 6
3582 3583 54
3583 3584 92
3583 3655 63
3583 4075 77
3584 3585 55
3585 3586 73
3586 3587 35
3586 3781 17
3587 3140 51
3587 3588 94
3587 4272 46
3588 3589 53
3588 4355 48
3589 3590 22
3590 1221 62
3590 3591 45
3591 315 60
3591 366 67
3592 3593 86
3593 1651 40
3593 1902 19
3594 3595 8
3595 3596 69
3596 3597 55
3597 3598 51
3598 3599 33
3599 3600 100
3600 3601 21
3601 2257 36
3602 2262 99
3603 3604 93
3604 247 17
3605 1165 83
3606 95 30
3607 3608 17
3608 3609 60
3609 3610 59
3610 3611 84
3610 3626 100
3611 3612 36
3611 3626 58
3612 3613 71
3613 1901 72
3614 3615 43
3615 2386 81
3616 3617 78
3617 1679 7
3618 3619 96
3619 3620 87
3620 3596 4
3620 3598 53
3621 3622 19
3621 3719 36
3622 1728 86
3623 1760 29
3624 3625 79
3625 2266 61
3626 3627 2
3627 3628 50
3628 1645 65
3629 1648 86
3629 2350 27
3629 2776 58
3630 1881 38
3631 3632 42
3632 1723 39
3633 144 94
3634 3635 97
3635 1901 34
3636 369 94
3637 3638 69
3638 3639 74
3639 3589 36
3639 4076 10
3640 3641 97
3641 3642 82
3642 3643 62
3643 3644 40
3644 3645 85
3645 3646 24
3645 4058 100
3646 643 32
3647 252 50
3647 4434 43
3648 3649 7
3649 3650 51
3650 3651 88
3651 3652 41
3652 3653 70
3653 3654 24
3654 1247 89
3655 3656 68
3656 3657 84
3657 371 1
3658 192 59
3659 2942 7
3660 2505 39
3661 3662 64
3662 2024 21
3663 3664 67
3664 3665 59
3665 3666 86
3666 3667 24
3667 3668 30
3668 3669 99
3669 3670 57
3670 3671 71
3670 4531 76
3671 3672 97
3672 3673 84
3673 3674 89
3674 3675 20
3675 1046 47
3675 4522 91
3676 982 76
3677 3678 70
3678 3679 20
3679 3680 42
3679 4526 98
3680 3681 46
3681 3682 55
3682 3683 59
3683 3684 59
3684 3685 95
3685 3686 92
3686 3687 42
3687 3688 38
3688 3689 1
3689 2025 33
3689 3690 76
3690 2024 37
3690 3691 39
3690 4574 59
3691 3692 81
3692 2469 86
3693 379 14
3693 447 85
3694 2955 54
3695 2924 28
3696 2927 86
3697 3698 27
3698 3699 71
3699 3700 37
3700 996 82
3701 3702 71
3702 3703 50
3703 3704 49
3704 2157 78
3705 3706 100
3706 2665 36
3707 3708 74
3708 1508 38
3709 3695 52
3710 2898 32
3711 3712 18
3712 3713 34
3713 3625 72
3714 3715 77
3715 2366 30
3716 3717 32
3717 2785 45
3718 1675 43
3719 3720 68
3720 3721 1
3721 3722 29
3722 2900 17
3723 3724 35
3724 3725 100
3724 3766 58
3725 3726 41
3726 3580 82
3727 45 24
3728 3729 42
3729 3730 32
3730 3731 50
3730 3767 40
3731 3732 100
3731 3749 76
3732 3723 100
3733 3734 64
3733 3735 46
3734 3735 27
3735 3736 2
3736 3737 25
3737 3738 84
3738 3739 90
3739 3740 36
3739 3741 25
3740 3741 96
3741 3742 46
3742 3743 71
3742 3744 84
3743 3744 18
3744 3745 93
3744 3746 53
3745 3746 25
3746 3747 74
3746 4444 41
3747 3725 56
3747 3748 69
3748 3731 71
3749 3750 44
3750 3751 31
3751 3752 57
3752 3753 66
3753 1876 15
3754 3755 81
3755 3756 59
3756 3757 59
3757 2367 25
3757 2376 9
3758 2323 12
3759 3760 68
3760 3761 18
3761 3762 29
3762 1905 91
3762 3804 100
3763 3764 81
3764 3765 71
3765 3732 91
3766 3767 13
3767 3768 1
3768 3769 65
3768 3770 76
3769 3770 85
3770 3771 83
3770 3772 12
3771 3772 7
3772 3773 69
3773 3774 45
3774 3775 27
3775 3776 37
3776 3777 67
3777 3733 93
3778 2323 89
3779 3780 39
3780 3585 66
3781 3573 13
3782 3783 48
3783 3784 47
3784 3785 60
3785 3786 53
3786 3787 72
3787 509 57
3787 3788 11
3787 4483 58
3788 3789 67
3789 518 51
3789 552 71
3790 2127 46
3791 422 26
3792 3793 49
3793 3794 75
3794 3795 75
3795 3796 44
3796 2098 30
3796 3797 37
3797 3798 64
3798 2112 17
3798 3799 59
3799 2115 35
3800 2771 2
3801 3802 62
3802 1648 56
3803 2296 16
3804 1880 75
3805 3806 83
3806 2250 40
3807 2745 83
3808 3809 25
3809 3810 1
3810 3811 76
3811 3812 38
3812 3813 77
3813 3814 1
3814 3815 25
3814 3816 65
3815 3816 38
3816 3817 96
3817 3818 26
3817 3819 30
3818 3819 52
3819 3820 89
3819 3821 95
3820 3821 45
3821 3822 7
3822 3823 76
3822 3824 72
3823 3824 91
3824 3825 85
3825 1311 20
3826 1 80
3827 3828 96
3828 3829 59
3829 3830 8
3829 3831 46
3830 3831 75
3831 3832 39
3832 3833 57
3832 3834 21
3833 3834 33
3834 3835 67
3834 3836 23
3835 3836 58
3836 3837 54
3836 3838 72
3837 3838 56
3838 3839 90
3838 3840 26
3839 3840 30
3840 2039 29
3840 3841 40
3841 3842 28
3842 3518 95
3843 3844 91
3844 3845 49
3845 1591 55
3846 3847 18
3847 3848 93
3848 807 31
3849 3850 19
3850 3851 49
3851 3521 57
3852 3853 91
3853 3854 83
3854 1383 44
3855 3856 40
3856 3857 2
3857 751 94
3858 3859 28
3859 3860 70
3860 3861 94
3861 3843 34
3862 2618 32
3863 3864 93
3863 4112 36
3864 1532 27
3864 3865 43
3865 3866 81
3866 1827 17
3867 3868 62
3868 3869 18
3869 1570 8
3869 3870 21
3870 3871 46
3870 3872 67
3871 3872 22
3872 160 83
3872 3152 83
3873 3874 7
3873 4454 92
3874 2946 71
3874 3875 16
3875 2946 96
3876 2950 44
3877 3878 64
3878 3879 72
3878 4454 93
3879 3176 36
3880 3881 18
3880 3882 13
3881 3882 82
3882 1525 68
3882 3883 22
3882 4118 53
3883 1529 23
3883 3884 29
3884 1565 31
3884 3885 30
3885 1531 25
3886 3887 100
3887 2634 54
3887 2635 52
3888 3862 95
3889 2008 42
3890 3891 65
3891 3892 84
3892 3893 21
3893 3894 45
3894 3895 89
3895 3896 78
3896 3897 14
3897 3898 3
3898 3899 59
3899 396 3
3900 1070 54
3901 3902 50
3902 3903 59
3903 3904 76
3904 3905 91
3905 3906 39
3906 3907 24
3907 3908 96
3908 3909 2
3909 3910 6
3910 1996 59
3911 3912 24
3911 3964 88
3911 3965 42
3912 3913 27
3913 3914 31
3914 3915 10
3915 3916 21
3916 3917 36
3916 3946 44
3917 3918 32
3917 4599 75
3918 3919 3
3919 3920 1
3920 3921 72
3921 3922 76
3921 3923 10
3922 3923 31
3923 3924 95
3923 3927 23
3924 3925 37
3925 3926 91
3926 3927 16
3927 3034 53
3927 4600 55
3928 1992 83
3929 3930 34
3930 2951 89
3930 3931 56
3930 3960 61
3931 3932 46
3932 3933 24
3933 384 43
3933 3934 60
3934 2012 88
3935 2130 44
3936 3937 48
3937 3938 85
3938 3939 90
3939 3940 69
3940 3941 89
3941 3942 99
3942 3943 81
3943 3944 80
3944 3945 8
3945 3946 14
3946 3947 61
3946 3968 48
3947 3948 47
3948 3949 72
3948 3950 83
3949 3950 45
3950 3951 43
3951 3911 49
3952 1980 37
3952 2131 54
3953 2230 50
3954 2082 89
3955 1996 24
3956 3051 26
3957 2112 52
3958 3959 91
3959 1986 40
3960 3932 47
3961 3962 63
3962 558 76
3963 3956 25
3964 3965 79
3965 3966 86
3966 3967 4
3967 3916 82
3968 3969 78
3969 3970 51
3970 3971 49
3971 3972 71
3972 3973 95
3973 2220 17
3974 2234 30
3975 3976 27
3976 3977 39
3977 2218 16
3978 3979 73
3978 4602 53
3979 3980 63
3980 3981 22
3981 3921 68
3981 3982 29
3982 3983 66
3983 3947 30
3983 3984 60
3984 3985 83
3985 3986 90
3986 3987 87
3987 3988 20
3988 3989 36
3989 3990 41
3990 3911 67
3991 3352 33
3992 3993 86
3993 3994 23
3994 1836 4
3995 3996 62
3996 1545 97
3997 694 42
3997 695 51
3998 8 33
3999 693 73
3999 958 62
4000 4001 71
4001 1845 14
4002 4003 66
4003 4004 46
4004 4005 21
4005 3365 11
4006 4007 29
4007 4008 71
4008 4009 22
4009 1658 97
4009 4010 5
4010 4011 15
4011 4012 100
4012 2371 11
4013 110 70
4014 45 53
4015 4016 36
4016 4017 72
4017 4018 45
4018 950 31
4019 4020 83
4020 4021 62
4021 4022 96
4022 4023 52
4023 4024 67
4024 4025 84
4025 4026 11
4026 1673 59
4027 3328 73
4028 3008 96
4029 4030 7
4030 4031 15
4030 4032 53
4031 4032 85
4032 2192 6
4032 2193 13
4033 45 22
4034 4035 42
4034 4036 76
4035 4036 91
4036 401 26
4036 421 12
4036 3014 68
4037 4038 83
4038 4039 84
4039 208 88
4040 100 94
4041 4042 51
4042 4043 80
4042 4044 69
4043 4044 75
4044 951 85
4044 1607 30
4045 4046 36
4046 4047 61
4047 1520 6
4048 4049 12
4049 4050 93
4050 4051 25
4051 4052 51
4052 1891 17
4053 4054 61
4054 4055 2
4055 4056 60
4056 4057 10
4057 3589 24
4058 728 68
4059 4060 1
4060 4061 26
4061 4062 57
4062 4063 41
4063 4064 49
4064 4065 56
4065 4066 8
4066 652 50
4067 4068 92
4068 4069 61
4069 4070 83
4070 4071 37
4071 4072 20
4072 4073 71
4073 4074 80
4074 723 26
4075 4076 20
4076 4077 10
4077 4078 2
4078 4053 32
4078 4369 25
4079 4080 8
4079 4081 26
4080 4081 2
4081 4082 84
4081 4083 70
4082 4083 89
4083 3146 65
4084 4085 64
4085 4086 25
4085 4087 35
4086 4087 71
4087 3107 52
4087 4088 98
4088 3107 25
4089 2978 12
4090 4091 68
4091 4092 66
4091 4093 41
4092 4093 80
4093 3098 56
4093 4094 29
4094 3098 62
4095 4096 33
4095 4097 28
4096 4097 61
4097 4098 40
4097 4099 67
4098 4099 38
4099 3101 49
4099 4079 49
4100 401 5
4100 3009 49
4101 4102 66
4102 4103 22
4103 1154 34
4104 3999 76
4105 893 42
4106 4107 15
4107 3011 48
4108 3306 63
4109 4110 55
4110 4111 77
4111 3114 55
4112 1181 59
4113 4114 22
4114 4115 85
4115 1532 89
4115 1858 67
4116 4117 17
4117 3180 57
4118 4119 81
4119 3871 30
4120 4121 38
4121 1832 30
4122 4123 90
4123 4124 44
4123 4589 5
4124 1212 2
4125 2634 85
4126 4127 21
4127 4128 88
4128 4129 37
4129 3298 53
4130 803 83
4131 4132 29
4132 4133 67
4133 1378 73
4134 4135 94
4135 4136 59
4136 1472 80
4137 4138 84
4138 4139 88
4139 4140 24
4140 4141 98
4141 4142 97
4142 4143 95
4143 3526 2
4144 4145 54
4145 1797 21
4145 3396 4
4145 4678 73
4146 4147 21
4147 4148 33
4148 4149 54
4149 4150 25
4150 1442 34
4151 4152 58
4152 4153 66
4153 1434 33
4154 4155 81
4155 4156 68
4156 4157 67
4157 4130 91
4158 2211 69
4158 2212 27
4159 4029 29
4160 4161 80
4161 4162 45
4162 4163 4
4163 4164 50
4164 4165 34
4165 4166 4
4166 4167 11
4167 4168 41
4168 4169 28
4169 4170 11
4169 4203 28
4170 4171 83
4171 4172 94
4172 4173 88
4173 4174 64
4174 4175 62
4175 4176 66
4176 4177 100
4177 2918 52
4178 2800 19
4179 4180 82
4179 4217 59
4180 4181 4
4181 4182 59
4182 4183 39
4183 4184 79
4184 4185 65
4185 4186 58
4186 4187 73
4187 4188 22
4188 4189 23
4189 4190 57
4190 4191 68
4191 4192 61
4192 4193 99
4193 4194 44
4194 4195 35
4195 4196 42
4196 4197 20
4196 4198 53
4197 4198 63
4198 4199 12
4199 4200 12
4199 4204 94
4200 4201 6
4201 4202 82
4202 4160 52
4203 4188 61
4204 4205 99
4205 4206 72
4206 4207 43
4207 4208 95
4208 4209 85
4209 4210 36
4210 4211 1
4211 4212 56
4212 4213 56
4213 4214 24
4214 4215 51
4215 4177 89
4216 2800 40
4217 4218 11
4218 4219 18
4219 4220 33
4220 4221 49
4221 4222 11
4222 4223 96
4223 4224 20
4224 4225 49
4225 4226 90
4226 4227 72
4227 4228 52
4228 4229 96
4229 4230 24
4230 4162 38
4231 4232 50
4232 4233 1
4233 4234 8
4234 4235 35
4235 4236 85
4236 4237 78
4237 4238 13
4238 4239 42
4239 4240 5
4240 4241 97
4241 4242 63
4242 4243 38
4243 4244 52
4244 4245 52
4245 4246 33
4246 2795 66
4247 4248 39
4248 4249 46
4249 4250 29
4250 4251 95
4251 4252 27
4252 4253 79
4253 4254 46
4254 4255 29
4255 4256 6
4256 4257 50
4257 4258 58
4258 4259 13
4259 4260 2
4260 4261 100
4261 4262 28
4262 4263 93
4263 4264 54
4264 4265 96
4265 4266 43
4266 4267 68
4267 4268 50
4268 4269 77
4269 4231 56
4270 1554 43
4271 2978 49
4271 2987 4
4271 3323 16
4272 2617 48
4273 4274 74
4274 4275 66
4274 4276 50
4275 4276 38
4276 4277 70
4276 4278 32
4277 4278 71
4278 4279 54
4278 4280 69
4279 4280 53
4280 4281 79
4280 4282 57
4281 4282 82
4282 4283 96
4282 4364 87
4283 4284 30
4283 4288 32
4283 4581 79
4284 3078 60
4285 3081 53
4286 4287 90
4287 4288 59
4288 4289 39
4288 4290 55
4289 4290 73
4290 4291 9
4290 4292 57
4291 4292 72
4292 4293 48
4292 4294 4
4293 4294 12
4294 4295 75
4294 4296 20
4295 4296 8
4296 4273 6
4297 4298 100
4297 4538 89
4298 4299 62
4298 4403 46
4299 4300 36
4299 4397 93
4300 4301 33
4301 4302 77
4302 4303 68
4303 4304 4
4304 4305 68
4305 4306 100
4306 4307 55
4306 4543 68
4307 4308 13
4308 4309 15
4309 4310 30
4310 4311 94
4310 4349 78
4311 4312 55
4312 4313 13
4313 4314 32
4314 4315 90
4315 4316 27
4315 4381 48
4315 4578 100
4316 4317 90
4317 4318 75
4318 4319 37
4319 3195 13
4320 2863 88
4321 4322 58
4322 4323 4
4323 4324 92
4324 4325 83
4325 4326 30
4326 4327 28
4327 4328 62
4327 4368 53
4328 4329 97
4329 4330 47
4330 4331 84
4331 4332 98
4331 4579 55
4332 4333 33
4333 4334 3
4333 4348 46
4334 4335 77
4335 4336 25
4335 4540 82
4336 4337 96
4337 4338 24
4338 4339 33
4338 4417 44
4339 4340 3
4339 4397 70
4340 4341 83
4341 4342 90
4342 4343 38
4342 4388 100
4342 4421 36
4343 4297 80
4343 4346 55
4344 4345 53
4345 4297 100
4346 4347 51
4347 4344 33
4347 4545 46
4348 4308 94
4349 4350 72
4350 4351 50
4351 4352 91
4352 4353 5
4353 4354 78
4354 4355 6
4354 4373 20
4355 2370 51
4356 2323 29
4357 4358 29
4357 4392 23
4358 4359 69
4358 4375 86
4359 4360 75
4360 4352 85
4360 4361 52
4360 4414 85
4361 4362 38
4362 4363 16
4363 4330 90
4364 4365 82
4365 4366 75
4366 4367 60
4367 4325 51
4368 3589 47
4368 4077 61
4369 4370 28
4369 4371 34
4370 4371 22
4371 4361 62
4371 4372 19
4372 4360 47
4373 4374 51
4374 3643 64
4375 4376 62
4376 4377 47
4377 4378 59
4378 4379 95
4379 4380 72
4380 4313 46
4381 4382 3
4382 4383 47
4383 4283 21
4384 4385 55
4385 4386 54
4386 4387 61
4387 4341 87
4388 4389 20
4389 4390 36
4390 3588 17
4390 4546 14
4390 4634 36
4391 2323 93
4392 4393 19
4392 4446 66
4393 4394 71
4393 4406 37
4394 4395 26
4395 4396 47
4396 4298 45
4397 4398 13
4397 4637 83
4398 4399 16
4399 4384 6
4400 4401 27
4401 4402 2
4402 4298 74
4402 4633 7
4403 4404 81
4404 4405 94
4405 4406 91
4406 4407 92
4407 4408 15
4408 4409 24
4408 4636 58
4409 4410 1
4410 4411 50
4411 4412 23
4412 4352 86
4413 2323 63
4414 4415 3
4415 4416 69
4416 4338 75
4417 4418 53
4418 4419 49
4419 4420 36
4420 4342 39
4421 4422 63
4422 4423 38
4423 4400 73
4424 4425 93
4425 4426 1
4426 4427 44
4427 4428 20
4428 4429 82
4429 4430 71
4430 4431 92
4431 4432 46
4432 4433 85
4433 3647 15
4434 4435 86
4435 4436 80
4436 4437 100
4437 4438 83
4438 4439 87
4439 1666 20
4440 4441 51
4441 4442 94
4442 1886 86
4443 4424 17
4444 3588 9
4445 2323 89
4446 4447 100
4447 4448 26
4448 3768 97
4449 2967 70
4450 3386 32
4451 4452 15
4452 1198 3
4453 2968 71
4454 41 38
4454 4452 99
4454 4486 78
4455 4456 99
4456 4457 52
4457 4458 89
4458 688 64
4459 699 54
4460 4461 6
4461 4455 42
4462 4463 68
4463 4464 63
4464 3442 56
4465 4466 82
4466 4467 96
4467 4462 19
4468 4469 73
4469 510 95
4470 4471 71
4471 4472 39
4472 4473 22
4473 4474 46
4474 4475 24
4475 3038 44
4476 423 66
4477 4478 19
4478 4479 36
4479 3789 38
4479 4480 100
4480 4481 100
4481 4482 93
4482 560 55
4483 2991 25
4483 4603 32
4484 2148 67
4485 2165 30
4486 693 23
4486 1157 57
4487 959 19
4487 4488 76
4488 1198 93
4489 4490 11
4490 149 62
4491 2463 33
4492 3693 29
4493 4492 23
4494 3081 50
4495 4496 78
4496 4497 27
4497 4498 49
4498 4499 79
4499 4500 78
4500 4501 39
4501 4502 76
4502 4503 45
4503 4504 26
4504 4505 40
4505 3078 22
4506 4507 41
4506 4687 41
4507 4508 67
4508 4509 82
4509 4510 49
4510 4511 48
4511 4512 52
4512 4513 8
4513 4514 52
4514 4515 11
4515 4516 58
4516 4506 78
4517 4518 10
4518 4519 4
4519 4520 77
4520 4521 41
4521 3673 24
4522 4523 75
4523 4524 55
4524 4525 70
4525 3678 7
4526 4527 86
4527 4528 100
4528 4529 49
4529 4530 31
4530 2191 74
4531 4532 59
4532 2991 17
4533 3682 85
4534 4535 74
4535 4536 32
4536 4537 5
4537 4344 84
4538 4539 92
4539 4334 23
4540 4541 11
4541 4542 88
4542 4305 65
4543 4544 69
4544 4343 95
4545 4390 80
4546 4534 24
4547 4548 10
4548 4549 58
4549 4550 42
4550 4551 86
4551 4552 78
4552 4553 24
4553 4554 73
4554 4555 29
4555 4556 36
4556 4557 50
4557 1001 18
4558 4559 10
4559 4560 44
4560 4561 68
4561 4562 66
4562 4563 91
4563 4564 92
4564 4565 70
4565 4566 39
4566 4567 5
4567 4547 77
4568 2322 13
4569 4570 92
4570 4571 94
4571 4572 10
4572 4573 21
4573 199 98
4574 4575 63
4575 4576 29
4576 4577 1
4577 2024 60
4578 4326 43
4579 4580 41
4580 4314 90
4581 2857 95
4582 3200 43
4583 13 21
4584 485 87
4585 4288 47
4586 4587 65
4587 1703 87
4588 2523 72
4589 4590 44
4590 2623 67
4591 4114 75
4592 1831 46
4593 1566 89
4594 151 50
4595 379 28
4596 891 55
4597 13 5
4598 67 82
4599 3981 47
4600 4601 58
4601 3688 86
4602 2123 15
4603 2994 51
4604 4605 33
4605 533 74
4606 1006 44
4607 4608 13
4608 2840 33
4609 4610 84
4610 3550 40
4611 537 69
4612 4613 90
4613 3561 84
4614 2577 10
4615 2729 88
4616 1800 96
4617 299 46
4618 1476 13
4619 3829 40
4620 4621 36
4621 756 49
4622 4623 80
4623 3432 8
4624 3433 31
4625 43 55
4626 2246 2
4627 1869 41
4628 4626 44
4629 2784 19
4630 1664 13
4631 4632 78
4632 1905 24
4633 4390 73
4634 2301 84
4635 4393 86
4636 4339 87
4637 4638 21
4638 4639 58
4639 4401 3
4640 2045 40
4641 130 7
4642 779 77
4643 793 25
4644 4645 53
4645 4646 38
4646 4647 36
4647 4648 100
4648 1929 17
4649 4650 91
4650 4651 68
4651 4652 7
4652 4653 22
4653 4654 76
4654 281 21
4655 4656 93
4656 4657 66
4657 4658 48
4658 4644 59
4659 4660 85
4660 4661 32
4661 4662 30
4662 4663 83
4663 4664 6
4664 4665 63
4665 4666 90
4666 4667 24
4667 10 71
4668 43 43
4669 4670 83
4670 4671 97
4671 4672 81
4672 4673 70
4673 4674 73
4674 4675 16
4675 4676 52
4676 939 37
4677 4659 56
4678 4679 75
4679 4680 78
4680 4681 55
4681 4682 30
4682 4683 83
4683 4684 52
4684 4685 70
4685 4145 38
4686 2301 2
4687 4516 77
4688 3290 5
